{"frames": [{"file_path": "./r_0.png", "transform_matrix": [[-0.03821165257351287, -0.09936181336711555, 0.9943174038766492, 50.0], [-0.9992696681114669, 0.0037995540269265154, -0.03802228006834044, 0.0], [0.0, 0.9950441163252989, 0.09943443350472228, 5.0], [0.0, 0.0, 0.0, 1.0]]}, {"file_path": "./r_1.png", "transform_matrix": [[-0.025666768590571272, -0.09944893319139193, 0.9947115796436735, 49.996052210190804], [-0.9996705542278006, 0.0025533739530563177, -0.025539445791516104, 0.6283019941676303], [0.0, 0.9950393911642644, 0.09948170701918058, 5.0], [0.0, 0.0, 0.0, 1.0]]}, {"file_path": "./r_2.png", "transform_matrix": [[-0.013111818149302087, -0.09952048424714505, 0.9949491210308361, 49.984209464165], [-0.9999140364175411, 0.0013050066746279328, -0.013046713484994761, 1.256504772166874], [0.0, 0.9950346577746892, 0.09952904011999246, 5.0], [0.0, 0.0, 0.0, 1.0]]}, {"file_path": "./r_3.png", "transform_matrix": [[-0.0005487664881964168, -0.09957641045007881, 0.9950297670608748, 49.96447363202946], [-0.9999998494276593, 5.464420529780063e-05, -0.0005460390731392762, 1.884509133496727], [0.0, 0.9950299168848585, 0.09957642544353425, 5.0], [0.0, 0.0, 0.0, 1.0]]}, {"file_path": "./r_4.png", "transform_matrix": [[0.012020414194911138, -0.09961665798289804, 0.9949532808604137, 49.93684783030087], [-0.9999277522114199, -0.0011975200078395822, 0.01196061466848778, 2.5122159089884777], [0.0, 0.995025169228472, 0.09962385558615396, 5.0], [0.0, 0.0, 0.0, 1.0]]}, {"file_path": "./r_5.png", "transform_matrix": [[0.024593745026371207, -0.0996411753315027, 0.9947194498370556, 49.901336421413575], [-0.9996975281081661, -0.002451291106889462, 0.024471278395936803, 3.1395259764656687], [0.0, 0.9950204155445586, 0.0996713231051639, 5.0], [0.0, 0.0, 0.0, 1.0]]}, {"file_path": "./r_6.png", "transform_matrix": [[0.03716924074479869, -0.09964991332112944, 0.994328085853732, 49.857945013030694], [-0.9993089850203766, -0.003706472846690012, 0.036983976484168825, 3.7663402763966363], [0.0, 0.9950156565773869, 0.09971882051985904, 5.0], [0.0, 0.0, 0.0, 1.0]]}, {"file_path": "./r_7.png", "transform_matrix": [[0.04974490999370082, -0.0996428251524189, 0.9937790254001959, 49.80668045715863], [-0.9987619555878762, -0.004962867619249268, 0.04949672731883597, 4.392559827537158], [0.0, 0.9950108930763716, 0.09976634031256092, 5.0], [0.0, 0.0, 0.0, 1.0]]}, {"file_path": "./r_8.png", "transform_matrix": [[0.06231875561865098, -0.09961986643738756, 0.9930721297615495, 49.74755084906501], [-0.9980562973590933, -0.00622027647909379, 0.06200754359254022, 5.018085742560745], [0.0, 0.9950061257959776, 0.0998138749296875, 5.0], [0.0, 0.0, 0.0, 1.0]]}, {"file_path": "./r_9.png", "transform_matrix": [[0.074888774969001, -0.09958099523528136, 0.9922072851836925, 49.68056552600042], [-0.997191892959245, -0.007478499169536402, 0.07451443260556248, 5.642819243674084], [0.0, 0.9950013554956205, 0.09986141678284904, 5.0], [0.0, 0.0, 0.0, 1.0]]}, {"file_path": "./r_10.png", "transform_matrix": [[0.08745296020412377, -0.09952617208828898, 0.9911844030355745, 49.60573506572389], [-0.996168650255335, -0.008737334149870069, 0.0870153965710527, 6.266661678215213], [0.0, 0.9949965829395626, 0.09990895824996975, 5.0], [0.0, 0.0, 0.0, 1.0]]}, {"file_path": "./r_11.png", "transform_matrix": [[0.1000092986041733, -0.0994553600570913, 0.9900034199681412, 49.52307128483256], [-0.9949865025178488, -0.00999657862349423, 0.09950843292466725, 6.889514534231902], [0.0, 0.9949918088968063, 0.09995649167643578, 5.0], [0.0, 0.0, 0.0, 1.0]]}, {"file_path": "./r_12.png", "transform_matrix": [[0.11255577288534811, -0.09936852475622379, 0.9886642980698522, 49.432587236895706], [-0.9936454085790273, -0.011256028566979569, 0.11199153463863866, 7.511279456037853], [0.0, 0.9949870341409838, 0.1000040093762691, 5.0], [0.0, 0.0, 0.0, 1.0]]}, {"file_path": "./r_13.png", "transform_matrix": [[0.12509036151963918, -0.09926563438922797, 0.9871670250186592, 49.3342972103934], [-0.9921453529875982, -0.012515478760076467, 0.1244626905402583, 8.131858259744181], [0.0, 0.9949822594502428, 0.10005150363332779, 5.0], [0.0, 0.0, 0.0, 1.0]]}, {"file_path": "./r_14.png", "transform_matrix": [[0.1376110390590427, -0.09914665978356743, 0.9855116142303205, 49.22821672646027], [-0.9904863461598502, -0.013774722816671947, 0.1369198856347508, 8.751152948763801], [0.0, 0.9949774856071294, 0.100098966702532, 5.0], [0.0, 0.0, 0.0, 1.0]]}, {"file_path": "./r_15.png", "transform_matrix": [[0.1501157764642134, -0.09901157442528408, 0.9836981050029386, 49.114362536434435], [-0.988668424526922, -0.015033553216699334, 0.14936110143251605, 9.36906572928623], [0.0, 0.9949727133984666, 0.10014639081111658, 5.0], [0.0, 0.0, 0.0, 1.0]]}, {"file_path": "./r_16.png", "transform_matrix": [[0.16260254143753033, -0.09886035449336916, 0.9817265626575974, 48.99275261921234], [-0.9866916506781925, -0.01629176133900398, 0.16178431628070966, 9.985499025720351], [0.0, 0.9949679436152294, 0.10019376815990941, 5.0], [0.0, 0.0, 0.0, 1.0]]}, {"file_path": "./r_17.png", "transform_matrix": [[0.17506929876054692, -0.09869297889382411, 0.9795970786749794, 48.863406178409676], [-0.9845561135006426, -0.01754913749516824, 0.1741875056991325, 10.60035549610273], [0.0, 0.9949631770524169, 0.10024109092463596, 5.0], [0.0, 0.0, 0.0, 1.0]]}, {"file_path": "./r_18.png", "transform_matrix": [[0.18751401063579065, -0.09850942929338531, 0.9773097708278435, 48.72634363932885], [-0.9822619283140727, -0.01880547096429786, 0.1865686427203949, 11.213538047469058], [0.0, 0.9949584145089193, 0.10028835125724986, 5.0], [0.0, 0.0, 0.0, 1.0]]}, {"file_path": "./r_19.png", "transform_matrix": [[0.19993463703287517, -0.09830969015288621, 0.9748647833092422, 48.5815866457337], [-0.9798092370020465, -0.020060550028771235, 0.19892569823431738, 11.824949851186235], [0.0, 0.9949536567873836, 0.10033554128728925, 5.0], [0.0, 0.0, 0.0, 1.0]]}, {"file_path": "./r_20.png", "transform_matrix": [[0.21232913603888626, -0.09809374876023154, 0.9722622868563527, 48.429158056431554], [-0.9771982081384412, -0.021314162010952823, 0.2112566413365287, 12.43449435824274], [0.0, 0.9949489046940729, 0.10038265312325916, 5.0], [0.0, 0.0, 0.0, 1.0]]}, {"file_path": "./r_21.png", "transform_matrix": [[0.22469546421299683, -0.09786159526295558, 0.9695024788698043, 48.26908194166369], [-0.9744290371094787, -0.02256609331087053, 0.22355943968121594, 13.042075314494847], [0.0, 0.9949441590387245, 0.1004296788540392, 5.0], [0.0, 0.0, 0.0, 1.0]]}, {"file_path": "./r_22.png", "transform_matrix": [[0.23703157694526508, -0.09761322270033879, 0.9665855835283779, 48.1013835793043], [-0.9715019462311132, -0.023816129444856952, 0.23583205983798075, 13.647596775866258], [0.0, 0.9949394206344022, 0.1004766105503172, 5.0], [0.0, 0.0, 0.0, 1.0]]}, {"file_path": "./r_23.png", "transform_matrix": [[0.24933542881956494, -0.09734862703505458, 0.9635118518989548, 47.926089450868794], [-0.9684171848616502, -0.02506405508515303, 0.24807246765275012, 14.250963123498806], [0.0, 0.9949346902973473, 0.1005234402660481, 5.0], [0.0, 0.0, 0.0, 1.0]]}, {"file_path": "./r_24.png", "transform_matrix": [[0.2616049739805944, -0.09706780718431941, 0.9602815620415922, 47.74322723733215], [-0.9651750295094733, -0.026309654100472143, 0.26027862861268686, 14.852079078851746], [0.0, 0.9949299688468236, 0.1005701600399378, 5.0], [0.0, 0.0, 0.0, 1.0]]}, {"file_path": "./r_25.png", "transform_matrix": [[0.27383816650490556, -0.0967707650505183, 0.9568950191096037, 47.552825814757675], [-0.9617757839357526, -0.027552709597522075, 0.2724485082150442, 15.450849718747369], [0.0, 0.9949252571049607, 0.10061676189695232, 5.0], [0.0, 0.0, 0.0, 1.0]]}, {"file_path": "./r_26.png", "transform_matrix": [[0.2860329607758948, -0.09645750555127763, 0.9533525554445222, 47.35491524973721], [-0.9582197792520125, -0.028793003963481174, 0.28458007233990146, 16.04718049036048], [0.0, 0.9949205558965922, 0.10066323784985164, 5.0], [0.0, 0.0, 0.0, 1.0]]}, {"file_path": "./r_27.png", "transform_matrix": [[0.2981873118626864, -0.0961280366489579, 0.9496545306658215, 47.14952679464323], [-0.9545073740124301, -0.03003031890942445, 0.2966712876267153, 16.64097722614933], [0.0, 0.9949158660490921, 0.10070957990074791, 5.0], [0.0, 0.0, 0.0, 1.0]]}, {"file_path": "./r_28.png", "transform_matrix": [[0.3102991759028457, -0.09578236937953712, 0.9458013317552776, 46.936692882693706], [-0.9506389543007455, -0.031264435514694565, 0.30872012185462205, 17.232146158725854], [0.0, 0.9949111883922049, 0.10075578004268829, 5.0], [0.0, 0.0, 0.0, 1.0]]}, {"file_path": "./r_29.png", "transform_matrix": [[0.3223665104888443, -0.09542051788085756, 0.941793373135846, 46.7164471228306], [-0.946614933811656, -0.03249513427221157, 0.3207245443264128, 17.820593935662536], [0.0, 0.9949065237578755, 0.1008018302612612, 5.0], [0.0, 0.0, 0.0, 1.0]]}, {"file_path": "./r_30.png", "transform_matrix": [[0.3343872750582055, -0.09504249942020675, 0.9376310967449342, 46.488824294412574], [-0.942435753926573, -0.03372219513471486, 0.33268252625611133, 18.406227634233897], [0.0, 0.9949018729800725, 0.1008477225362268, 5.0], [0.0, 0.0, 0.0, 1.0]]}, {"file_path": "./r_31.png", "transform_matrix": [[0.3463594312872489, -0.09464833442120431, 0.9333149721019509, 46.253860341722906], [-0.9381018837836185, -0.034945397561929645, 0.3445920411600726, 18.988954776090054], [0.0, 0.9948972368946104, 0.10089344884317042, 5.0], [0.0, 0.0, 0.0, 1.0]]}, {"file_path": "./r_32.png", "transform_matrix": [[0.35828094348834966, -0.09423804648996607, 0.9288454963700115, 46.01159236829352], [-0.9336138203417396, -0.0361645205686492, 0.3564510652515177, 19.568683341860122], [0.0, 0.9948926163389669, 0.10093900115517915, 5.0], [0.0, 0.0, 0.0, 1.0]]}, {"file_path": "./r_33.png", "transform_matrix": [[0.3701497790106276, -0.09381166244051675, 0.9242231944116801, 45.762058631045875], [-0.9289720884388203, -0.037379342773723956, 0.36825757783842133, 20.14532178568313], [0.0, 0.994888012152097, 0.10098437144454091, 5.0], [0.0, 0.0, 0.0, 1.0]]}, {"file_path": "./r_34.png", "transform_matrix": [[0.3819639086439734, -0.09336921231942245, 0.9194486188386326, 45.50529853424978], [-0.9241772408436697, -0.03858964244994686, 0.3800095617246584, 20.718779049664207], [0.0, 0.9948834251742442, 0.10102955168446573, 5.0], [0.0, 0.0, 0.0, 1.0]]}, {"file_path": "./r_35.png", "transform_matrix": [[0.3937213070263166, -0.09291072942961477, 0.9145223500551235, 45.241352623300976], [-0.9192298583017682, -0.039795197574824054, 0.3917050036143166, 21.288964578253633], [0.0, 0.9948788562467481, 0.10107453385082896, 5.0], [0.0, 0.0, 0.0, 1.0]]}, {"file_path": "./r_36.png", "transform_matrix": [[0.4054199530540388, -0.09243625035337708, 0.9094449962951409, 44.970262578318554], [-0.9141305495746551, -0.04099578588221875, 0.40334189451907704, 21.855788332546645], [0.0, 0.9948743062118487, 0.10111930992393553, 5.0], [0.0, 0.0, 0.0, 1.0]]}, {"file_path": "./r_37.png", "transform_matrix": [[0.41705783029542737, -0.09194581497446518, 0.9042171936531355, 44.69207120756319], [-0.9088799514728392, -0.042191184914855295, 0.41491823016855983, 22.41916080450161], [0.0, 0.9948697759124869, 0.10116387189030526, 5.0], [0.0, 0.0, 0.0, 1.0]]}, {"file_path": "./r_38.png", "transform_matrix": [[0.42863292740706466, -0.09143946649933375, 0.8988396061082129, 44.40682244067723], [-0.9034787288821193, -0.04338117207766985, 0.42643201142352993, 22.978993031074392], [0.0, 0.9948652661921035, 0.10120821174447843, 5.0], [0.0, 0.0, 0.0, 1.0]]}, {"file_path": "./r_39.png", "transform_matrix": [[0.4401432385530415, -0.09091725147744004, 0.8933129255416763, 44.114561321747665], [-0.8979275747832007, -0.04456552469199259, 0.43788124469185363, 23.535196608266627], [0.0, 0.9948607778944325, 0.10125232149084126, 5.0], [0.0, 0.0, 0.0, 1.0]]}, {"file_path": "./r_40.png", "transform_matrix": [[0.45158676382688157, -0.09037921982059677, 0.8876378717478117, 43.81533400219318], [-0.8922272102644955, -0.04574402005054582, 0.44926394234709177, 24.087683705085766], [0.0, 0.9948563118632939, 0.10129619314547063, 5.0], [0.0, 0.0, 0.0, 1.0]]}, {"file_path": "./r_41.png", "transform_matrix": [[0.4629615096760589, -0.08982542482134646, 0.8818151924378084, 43.50918773347628], [-0.8863783845279986, -0.04691643547324151, 0.4605781231496137, 24.636367077414576], [0.0, 0.9948518689423818, 0.10133981873799755, 5.0], [0.0, 0.0, 0.0, 1.0]]}, {"file_path": "./r_42.png", "transform_matrix": [[0.47426548932898605, -0.0892559231703293, 0.8758456632367084, 43.19617085964176], [-0.8803818748881291, -0.04808254836376049, 0.47182181267011086, 25.18116008178804], [0.0, 0.9948474499750497, 0.10138319031348882, 5.0], [0.0, 0.0, 0.0, 1.0]]}, {"file_path": "./r_43.png", "transform_matrix": [[0.48549672322434817, -0.08867077497261712, 0.8697300876732827, 42.87633280968261], [-0.8742384867634351, -0.049242136266895005, 0.482993043715385, 25.72197668907532], [0.0, 0.9948430558040943, 0.1014262999343462, 5.0], [0.0, 0.0, 0.0, 1.0]]}, {"file_path": "./r_44.png", "transform_matrix": [[0.49665323944265316, -0.08807004376298626, 0.8634692971627331, 42.549724089734596], [-0.8679490536610537, -0.05039497692663485, 0.4940898567562841, 26.25873149806478], [0.0, 0.9948386872715343, 0.10146913968222246, 5.0], [0.0, 0.0, 0.0, 1.0]]}, {"file_path": "./r_45.png", "transform_matrix": [[0.5077330741398668, -0.08745379652010263, 0.8570641509821193, 42.216396275100756], [-0.8615144371538301, -0.051540848344977366, 0.505110300357654, 26.791339748949834], [0.0, 0.994834345218389, 0.10151170165995381, 5.0], [0.0, 0.0, 0.0, 1.0]]}, {"file_path": "./r_46.png", "transform_matrix": [[0.5187342719829912, -0.08682210367959221, 0.8505155362384195, 41.876402002107085], [-0.8549355268499936, -0.05267952884143895, 0.5160524316101687, 27.319717336713456], [0.0, 0.9948300304844513, 0.10155397799350774, 5.0], [0.0, 0.0, 0.0, 1.0]]}, {"file_path": "./r_47.png", "transform_matrix": [[0.5296548865874544, -0.08617503914597087, 0.8438243678291243, 41.529794959790635], [-0.8482132403552958, -0.053810797113247016, 0.5269143165639041, 27.843780824409397], [0.0, 0.9948257439080612, 0.10159596083394579, 5.0], [0.0, 0.0, 0.0, 1.0]]}, {"file_path": "./r_48.png", "transform_matrix": [[0.5404929809561594, -0.0855126803034083, 0.8369915883952789, 41.17662988142137], [-0.8413485232275176, -0.05493443229618846, 0.5376940306635092, 28.363447456337827], [0.0, 0.9948214863258749, 0.10163764235940062, 5.0], [0.0, 0.0, 0.0, 1.0]]}, {"file_path": "./r_49.png", "transform_matrix": [[0.5512466279200483, -0.0848351080252999, 0.8300181682668829, 40.8169625358592], [-0.8343423489232558, -0.056050214026090533, 0.5483896591848296, 28.878635171113377], [0.0, 0.9948172585726311, 0.10167901477706626, 5.0], [0.0, 0.0, 0.0, 1.0]]}, {"file_path": "./r_50.png", "transform_matrix": [[0.5619139105800333, -0.0841424066826227, 0.8229051054005623, 40.45084971874737], [-0.8271957187368987, -0.05715792250090981, 0.5589992976728375, 29.389262614623657], [0.0, 0.9948130614809177, 0.1017200703252012, 5.0], [0.0, 0.0, 0.0, 1.0]]}, {"file_path": "./r_51.png", "transform_matrix": [[0.5724929227501334, -0.08343466415105055, 0.8156534253094332, 40.07834924354383], [-0.8199096617317115, -0.05825733854340222, 0.5695210523807085, 29.89524915287594], [0.0, 0.9948088958809329, 0.10176080127514316, 5.0], [0.0, 0.0, 0.0, 1.0]]}, {"file_path": "./r_52.png", "transform_matrix": [[0.5829817694016675, -0.08271197181680519, 0.8082641809850769, 39.699519932391766], [-0.8124852346629451, -0.059348243664348634, 0.5799530407098976, 30.396514884730273], [0.0, 0.9948047626002468, 0.10180119993333514, 5.0], [0.0, 0.0, 0.0, 1.0]]}, {"file_path": "./r_53.png", "transform_matrix": [[0.5933785671083328, -0.08197442458121966, 0.800738452811553, 39.31442160683095], [-0.804923521892895, -0.06043042012630688, 0.5902933916510469, 30.892980654516716], [0.0, 0.994800662463559, 0.10184125864336137, 5.0], [0.0, 0.0, 0.0, 1.0]]}, {"file_path": "./r_54.png", "transform_matrix": [[0.6036814444920154, -0.08122212086399205, 0.7930773484713762, 38.923115078351174], [-0.7972256352978332, -0.06150365100786299, 0.6005402462255709, 31.384568064535024], [0.0, 0.9947965962924572, 0.10188096978799298, 5.0], [0.0, 0.0, 0.0, 1.0]]}, {"file_path": "./r_55.png", "transform_matrix": [[0.6138885426691547, -0.08045516260510736, 0.7852820028433908, 38.52566213878946], [-0.7893927141667456, -0.06256772026835092, 0.6106917579277454, 31.871199487434488], [0.0, 0.9947925649051702, 0.10192032579124183, 5.0], [0.0, 0.0, 0.0, 1.0]]}, {"file_path": "./r_56.png", "transform_matrix": [[0.6239980156974978, -0.07967365526540661, 0.7773535778924765, 38.12212555057239], [-0.7814259250918064, -0.06362241281301138, 0.6207460931671381, 32.35279807847221], [0.0, 0.9947885691163224, 0.10195931912042218, 5.0], [0.0, 0.0, 0.0, 1.0]]}, {"file_path": "./r_57.png", "transform_matrix": [[0.6340080310230688, -0.07887770782578243, 0.7692932625510261, 37.71256903680519], [-0.7733264618505251, -0.06466751455855832, 0.6307014317112076, 32.82928778764782], [0.0, 0.9947846097366854, 0.10199794228821897, 5.0], [0.0, 0.0, 0.0, 1.0]]}, {"file_path": "./r_58.png", "transform_matrix": [[0.6439167699271741, -0.07806743278498182, 0.7611022725921379, 37.297057271209106], [-0.7650955452795125, -0.06570281249912062, 0.6405559671278933, 33.30059337171258], [0.0, 0.9947806875729281, 0.10203618785476189, 5.0], [0.0, 0.0, 0.0, 1.0]]}, {"file_path": "./r_59.png", "transform_matrix": [[0.6537224279732677, -0.07724294615599687, 0.7527818504944693, 36.8756558679087], [-0.7567344231398065, -0.06672809477252714, 0.6503079072280245, 33.766640406051216], [0.0, 0.9947768034273671, 0.10207404842970416, 5.0], [0.0, 0.0, 0.0, 1.0]]}, {"file_path": "./r_60.png", "transform_matrix": [[0.6634232154534906, -0.0764043674610254, 0.7443332652987048, 36.448431371070576], [-0.7482443699737081, -0.06774315072690038, 0.6599554745073649, 34.22735529643443], [0.0, 0.9947729580977125, 0.10211151667430535, 5.0], [0.0, 0.0, 0.0, 1.0]]}, {"file_path": "./r_61.png", "transform_matrix": [[0.6730173578347031, -0.07555181972498472, 0.7357578124555925, 36.015451244395344], [-0.739626686953084, -0.06874777098752574, 0.6694969065881122, 34.682665290640244], [0.0, 0.9947691523768166, 0.10214858530351693, 5.0], [0.0, 0.0, 0.0, 1.0]]}, {"file_path": "./r_62.png", "transform_matrix": [[0.6825030962038203, -0.07468542946756139, 0.7270568136655103, 35.57678386046427], [-0.7308827017190918, -0.06974174752396003, 0.678930456659668, 35.132498489942456], [0.0, 0.9947653870524196, 0.10218524708806977, 5.0], [0.0, 0.0, 0.0, 1.0]]}, {"file_path": "./r_63.png", "transform_matrix": [[0.6918786877122629, -0.07380532669378229, 0.7182316167095271, 35.132498489942456], [-0.7220137682132917, -0.07072487371734427, 0.6882543939184905, 35.57678386046427], [0.0, 0.9947616629068944, 0.10222149485656246, 5.0], [0.0, 0.0, 0.0, 1.0]]}, {"file_path": "./r_64.png", "transform_matrix": [[0.7011424060193288, -0.07291164488309204, 0.7092835952719254, 34.682665290640244], [-0.7130212665001141, -0.07169694442788384, 0.6974670040068406, 36.015451244395344], [0.0, 0.9947579807169917, 0.10225732149754943, 5.0], [0.0, 0.0, 0.0, 1.0]]}, {"file_path": "./r_65.png", "transform_matrix": [[0.7102925417342945, -0.0720045209769236, 0.7002141487541647, 34.22735529643444], [-0.7039066025806516, -0.07265775606245918, 0.7065665894502321, 36.44843137107057], [0.0, 0.9947543412535841, 0.10229271996162805, 5.0], [0.0, 0.0, 0.0, 1.0]]}, {"file_path": "./r_66.png", "transform_matrix": [[0.7193274028570493, -0.07108409536474908, 0.6910247020802567, 33.766640406051216], [-0.6946712081977576, -0.07360710664232885, 0.7155514700933906, 36.8756558679087], [0.0, 0.9947507452814097, 0.10232768326352314, 5.0], [0.0, 0.0, 0.0, 1.0]]}, {"file_path": "./r_67.png", "transform_matrix": [[0.7282453152170609, -0.0701505118686, 0.681716705493548, 33.30059337171258], [-0.6853165406324319, -0.07454479587088658, 0.7244199835345269, 37.297057271209106], [0.0, 0.9947471935588165, 0.10236220448416854, 5.0], [0.0, 0.0, 0.0, 1.0]]}, {"file_path": "./r_68.png", "transform_matrix": [[0.73704462291048, -0.06920391772604562, 0.6722916343448839, 32.82928778764782], [-0.6758440824914784, -0.07547062520143365, 0.7331704855577292, 37.712569036805185], [0.0, 0.9947436868375046, 0.10239627677278389, 5.0], [0.0, 0.0, 0.0, 1.0]]}, {"file_path": "./r_69.png", "transform_matrix": [[0.7457236887351746, -0.06824446357162108, 0.6627509888721601, 32.35279807847222], [-0.6662553414864337, -0.07638439790492661, 0.7418013505632741, 38.12212555057239], [0.0, 0.9947402258622718, 0.1024298933489461, 5.0], [0.0, 0.0, 0.0, 1.0]]}, {"file_path": "./r_70.png", "transform_matrix": [[0.7542808946234971, -0.06727230341669627, 0.6530962939712557, 31.871199487434488], [-0.6565518502037573, -0.07728591913766054, 0.7503109719956587, 38.525662138789464], [0.0, 0.994736811370756, 0.10246304750465432, 5.0], [0.0, 0.0, 0.0, 1.0]]}, {"file_path": "./r_71.png", "transform_matrix": [[0.7627146420725768, -0.0662875946277788, 0.6433290989583513, 31.384568064535024], [-0.6467351658662926, -0.0781749960088469, 0.7586977627691515, 38.923115078351174], [0.0, 0.9947334440931802, 0.10249573260638686, 5.0], [0.0, 0.0, 0.0, 1.0]]}, {"file_path": "./r_72.png", "transform_matrix": [[0.7710233525719349, -0.06529049790324498, 0.6334509773236444, 30.892980654516716], [-0.6368068700860049, -0.07905143764804551, 0.7669601556906612, 39.31442160683095], [0.0, 0.9947301247520977, 0.1025279420971496, 5.0], [0.0, 0.0, 0.0, 1.0]]}, {"file_path": "./r_73.png", "transform_matrix": [[0.7792054680282136, -0.0642811772484942, 0.6234635264764735, 30.39651488473027], [-0.6267685686080092, -0.0799150552724086, 0.7750966038797197, 39.699519932391766], [0.0, 0.9947268540621368, 0.10255966949851412, 5.0], [0.0, 0.0, 0.0, 1.0]]}, {"file_path": "./r_74.png", "transform_matrix": [[0.7872594511868144, -0.0632597999495231, 0.6133683674818764, 29.895249152875948], [-0.6166218910459114, -0.08076566225369569, 0.7831055811853764, 40.078349243543826], [0.0, 0.994723632729749, 0.10259090841264505, 5.0], [0.0, 0.0, 0.0, 1.0]]}, {"file_path": "./r_75.png", "transform_matrix": [[0.7951837860502369, -0.06222653654491718, 0.6031671447886028, 29.389262614623657], [-0.6063684906084842, -0.08160307418501658, 0.7909855825997989, 40.45084971874737], [0.0, 0.9947204614529546, 0.10262165252431492, 5.0], [0.0, 0.0, 0.0, 1.0]]}, {"file_path": "./r_76.png", "transform_matrix": [[0.8029769782929083, -0.061181560796258964, 0.5928615259486181, 28.87863517111338], [-0.5960100438177114, -0.0824271089472603, 0.798735124668376, 40.8169625358592], [0.0, 0.9947173409210931, 0.1026518956029057, 5.0], [0.0, 0.0, 0.0, 1.0]]}, {"file_path": "./r_77.png", "transform_matrix": [[0.8106375556722999, -0.06012504965695273, 0.5824532013281306, 28.363447456337827], [-0.5855482502182368, -0.08323758677516722, 0.8063527458961169, 41.17662988142137], [0.0, 0.9947142718145727, 0.10268163150439578, 5.0], [0.0, 0.0, 0.0, 1.0]]}, {"file_path": "./r_78.png", "transform_matrix": [[0.818164068436116, -0.05905718323946734, 0.5719438838101885, 27.843780824409404], [-0.5749848320782578, -0.08403433032300138, 0.8138370071501432, 41.52979495979063], [0.0, 0.9947112548046215, 0.10271085417333131, 5.0], [0.0, 0.0, 0.0, 1.0]]}, {"file_path": "./r_79.png", "transform_matrix": [[0.8255550897253507, -0.057978144781000135, 0.5613353084888938, 27.31971733671345], [-0.564321534081917, -0.08481716472977971, 0.8211864920580667, 41.876402002107085], [0.0, 0.994708290553042, 0.10273955764478061, 5.0], [0.0, 0.0, 0.0, 1.0]]}, {"file_path": "./r_80.png", "transform_matrix": [[0.8328092159730024, -0.05688812060756567, 0.5506292323552865, 26.791339748949827], [-0.5535601230132396, -0.08558591768401504, 0.8283998074020491, 42.216396275100756], [0.0, 0.9947053797119648, 0.10276773604627056, 5.0], [0.0, 0.0, 0.0, 1.0]]}, {"file_path": "./r_81.png", "transform_matrix": [[0.8399250672982395, -0.05578730009651495, 0.5398274339749595, 26.258731498064787], [-0.5427023874316823, -0.0863404194879297, 0.8354755835083396, 42.54972408973459], [0.0, 0.9947025229236075, 0.10279538359970396, 5.0], [0.0, 0.0, 0.0, 1.0]]}, {"file_path": "./r_82.png", "transform_matrix": [[0.8469012878958077, -0.05467587563749162, 0.5289317131574699, 25.721976689075333], [-0.5317501373393546, -0.08708050312109557, 0.8424124746320858, 42.87633280968261], [0.0, 0.9946997208200326, 0.10282249462325636, 5.0], [0.0, 0.0, 0.0, 1.0]]}, {"file_path": "./r_83.png", "transform_matrix": [[0.8537365464204733, -0.0535540425918337, 0.5179438906176183, 25.181160081788036], [-0.5207052038399879, -0.08780600430345817, 0.8492091593372141, 43.19617085964177], [0.0, 0.9946969740229099, 0.10284906353325173, 5.0], [0.0, 0.0, 0.0, 1.0]]}, {"file_path": "./r_84.png", "transform_matrix": [[0.8604295363662964, -0.052421999250429764, 0.5068658076286743, 24.63636707741458], [-0.5095694387897299, -0.08851676155770018, 0.8558643408711786, 43.50918773347628], [0.0, 0.9946942831432808, 0.1028750848460151, 5.0], [0.0, 0.0, 0.0, 1.0]]}, {"file_path": "./r_85.png", "transform_matrix": [[0.866978976440532, -0.051279946790040255, 0.4956993256676249, 24.087683705085766], [-0.4983447144398418, -0.0892126162709024, 0.8623767475343785, 43.81533400219318], [0.0, 0.9946916487813253, 0.10290055317970181, 5.0], [0.0, 0.0, 0.0, 1.0]]}, {"file_path": "./r_86.png", "transform_matrix": [[0.8733836109319495, -0.05012808922809688, 0.4844463260525452, 23.535196608266627], [-0.4870329230713966, -0.08989341275545787, 0.8687451330440407, 44.114561321747665], [0.0, 0.9946890715261312, 0.10292546325610179, 5.0], [0.0, 0.0, 0.0, 1.0]]}, {"file_path": "./r_87.png", "transform_matrix": [[0.8796422100733751, -0.04896663337599261, 0.4731087095721758, 22.978993031074396], [-0.4756359766220679, -0.0905589983091964, 0.874968276892372, 44.406822440677225], [0.0, 0.9946865519554671, 0.10294980990241755, 5.0], [0.0, 0.0, 0.0, 1.0]]}, {"file_path": "./r_88.png", "transform_matrix": [[0.8857535703982531, -0.04779578879087764, 0.4616883961078128, 22.419160804501622], [-0.4641558063051101, -0.09120922327467733, 0.8810449846987854, 44.69207120756318], [0.0, 0.9946840906355585, 0.10297358805301543, 5.0], [0.0, 0.0, 0.0, 1.0]]}, {"file_path": "./r_89.png", "transform_matrix": [[0.8917165150910306, -0.04661576772597739, 0.4501873242476132, 21.85578833254664], [-0.45259436222064003, -0.09184394109760706, 0.8869740885560026, 44.970262578318554], [0.0, 0.9946816881208667, 0.10299679275114827, 5.0], [0.0, 0.0, 0.0, 1.0]]}, {"file_path": "./r_90.png", "transform_matrix": [[0.8975298943311647, -0.045426785079450444, 0.43860745089343134, 21.288964578253633], [-0.44095361295933205, -0.09246300838433988, 0.8927544473698403, 45.241352623300976], [0.0, 0.9946793449538716, 0.1030194191506489, 5.0], [0.0, 0.0, 0.0, 1.0]]}, {"file_path": "./r_91.png", "transform_matrix": [[0.9031925856305654, -0.044229058341804316, 0.42695075086029655, 20.718779049664214], [-0.42923554519864004, -0.09306628495841991, 0.8983849471924963, 45.50529853424978], [0.0, 0.9946770616648578, 0.10304146251759311, 5.0], [0.0, 0.0, 0.0, 1.0]]}, {"file_path": "./r_92.png", "transform_matrix": [[0.9087034941642755, -0.0430228075418907, 0.4152192164686623, 20.145321785683134], [-0.4174421632916785, -0.09365363391612283, 0.9038645015491362, 45.762058631045875], [0.0, 0.9946748387717055, 0.10306291823193113, 5.0], [0.0, 0.0, 0.0, 1.0]]}, {"file_path": "./r_93.png", "transform_matrix": [[0.9140615530942029, -0.04180825519150072, 0.40341485712955094, 19.568683341860126], [-0.40557548884888694, -0.09422492168095625, 0.9091920517576053, 46.01159236829351], [0.0, 0.9946726767796832, 0.10308378178908643, 5.0], [0.0, 0.0, 0.0, 1.0]]}, {"file_path": "./r_94.png", "transform_matrix": [[0.9192657238857184, -0.04058562622858333, 0.3915396989227272, 18.988954776090054], [-0.3936375603126131, -0.09478001805707865, 0.9143665672410786, 46.253860341722906], [0.0, 0.9946705761812469, 0.10310404880152102, 5.0], [0.0, 0.0, 0.0, 1.0]]}, {"file_path": "./r_95.png", "transform_matrix": [[0.9243149966169351, -0.03935514795911156, 0.3795957841680432, 18.406227634233893], [-0.38163043252475976, -0.09531879628159662, 0.9193870458334683, 46.488824294412574], [0.0, 0.994668537455842, 0.10312371500026596, 5.0], [0.0, 0.0, 0.0, 1.0]]}, {"file_path": "./r_96.png", "transform_matrix": [[0.9292083902804907, -0.038117049997621374, 0.3675851709900958, 17.820593935662536], [-0.3695561762876371, -0.09584113307570126, 0.9242525140774175, 46.7164471228306], [0.0, 0.9946665610697107, 0.10314277623641632, 5.0], [0.0, 0.0, 0.0, 1.0]]}, {"file_path": "./r_97.png", "transform_matrix": [[0.9339449530776559, -0.03687156420645045, 0.35550993287634686, 17.232146158725858], [-0.3574168779181742, -0.09634690869460509, 0.9289620275146979, 46.936692882693706], [0.0, 0.9946646474757024, 0.10316122848258914, 5.0], [0.0, 0.0, 0.0, 1.0]]}, {"file_path": "./r_98.png", "transform_matrix": [[0.9385237627045946, -0.03561892463370484, 0.3433721582288645, 16.640977226149335], [-0.3452146387956483, -0.09683600697624137, 0.9335146709688539, 47.14952679464322], [0.0, 0.9946627971130898, 0.10317906783434427, 5.0], [0.0, 0.0, 0.0, 1.0]]}, {"file_path": "./r_99.png", "transform_matrix": [[0.9429439266306091, -0.03435936744998278, 0.3311739499098406, 16.04718049036047], [-0.3329515749030909, -0.09730831538868907, 0.9379095588199146, 47.35491524973722], [0.0, 0.9946610104073913, 0.10319629051156594, 5.0], [0.0, 0.0, 0.0, 1.0]]}, {"file_path": "./r_100.png", "transform_matrix": [[0.9472045823682037, -0.03309313088388602, 0.3189174247810533, 15.450849718747373], [-0.320629816362541, -0.09776372507628611, 0.9421458352710219, 47.552825814757675], [0.0, 0.9946592877701944, 0.10321289285980537, 5.0], [0.0, 0.0, 0.0, 1.0]]}, {"file_path": "./r_101.png", "transform_matrix": [[0.951304897734806, -0.031820455156350555, 0.3066047132374403, 14.852079078851743], [-0.3082515069643137, -0.09820213090439657, 0.9462226746068102, 47.74322723733215], [0.0, 0.9946576295989884, 0.10322887135158243, 5.0], [0.0, 0.0, 0.0, 1.0]]}, {"file_path": "./r_102.png", "transform_matrix": [[0.9552440711059873, -0.030541582413829916, 0.2942379587349647, 14.250963123498808], [-0.29581880369046787, -0.098623431502796, 0.950139281443386, 47.926089450868794], [0.0, 0.994656036277, 0.10324422258764632, 5.0], [0.0, 0.0, 0.0, 1.0]]}, {"file_path": "./r_103.png", "transform_matrix": [[0.959021331660033, -0.029256756660364362, 0.2818193173129431, 13.647596775866269], [-0.2833338762326473, -0.09902752930764158, 0.9538948909697583, 48.10138357930429], [0.0, 0.9946545081730342, 0.10325894329819373, 5.0], [0.0, 0.0, 0.0, 1.0]]}, {"file_path": "./r_104.png", "transform_matrix": [[0.962635939613712, -0.02796622368857184, 0.26935095711102763, 13.042075314494838], [-0.270798906504487, -0.09941433060199426, 0.9574887691805745, 48.26908194166369], [0.0, 0.9946530456413222, 0.10327303034404407, 5.0], [0.0, 0.0, 0.0, 1.0]]}, {"file_path": "./r_105.png", "transform_matrix": [[0.9660871864491027, -0.026670231009596812, 0.25683505788102856, 12.434494358242738], [-0.25821608814877617, -0.09978374555486083, 0.9609202131000192, 48.429158056431554], [0.0, 0.9946516490213735, 0.10328648071777094, 5.0], [0.0, 0.0, 0.0, 1.0]]}, {"file_path": "./r_106.png", "transform_matrix": [[0.9693743951313395, -0.02536902778205364, 0.2442738104937635, 11.824949851186238], [-0.245587626039566, -0.10013568825872532, 0.9641885509967444, 48.581586645733694], [0.0, 0.994650318637834, 0.10329929154478856, 5.0], [0.0, 0.0, 0.0, 1.0]]}, {"file_path": "./r_107.png", "transform_matrix": [[0.9724969203171421, -0.024062864740003877, 0.23166941644114025, 11.213538047469058], [-0.232915735779432, -0.1004700767655398, 0.9672931425896972, 48.72634363932885], [0.0, 0.9946490548003506, 0.10331146008439326, 5.0], [0.0, 0.0, 0.0, 1.0]]}, {"file_path": "./r_108.png", "transform_matrix": [[0.9754541485540045, -0.02275199412000615, 0.21902408733366613, 10.600355496102736], [-0.22020264319208843, -0.10078683312114618, 0.9702333792447196, 48.863406178409676], [0.0, 0.9946478578034407, 0.10332298373075838, 5.0], [0.0, 0.0, 0.0, 1.0]]}, {"file_path": "./r_109.png", "transform_matrix": [[0.9782454984699175, -0.021436669587278766, 0.2063400443935897, 9.985499025720362], [-0.2074505838105613, -0.10108588339810128, 0.9730086841618028, 48.99275261921234], [0.0, 0.9946467279263685, 0.10333386001388262, 5.0], [0.0, 0.0, 0.0, 1.0]]}, {"file_path": "./r_110.png", "transform_matrix": [[0.9808704209535091, -0.020117146161016817, 0.19361951794388435, 9.369065729286225], [-0.1946618023611357, -0.10136715772687922, 0.975618512552877, 49.114362536434435], [0.0, 0.9946456654330277, 0.1033440866004907, 5.0], [0.0, 0.0, 0.0, 1.0]]}, {"file_path": "./r_111.png", "transform_matrix": [[0.9833283993244901, -0.01879368013890557, 0.18086474689328685, 8.751152948763801], [-0.18183855224329137, -0.10163059032542576, 0.9780623518100313, 49.22821672646027], [0.0, 0.994644670571829, 0.103353661294886, 5.0], [0.0, 0.0, 0.0, 1.0]]}, {"file_path": "./r_112.png", "transform_matrix": [[0.9856189494943002, -0.0174665290208726, 0.168077978217598, 8.131858259744186], [-0.1689830950058388, -0.10187611952704101, 0.9803397216640565, 49.3342972103934], [0.0, 0.9946437435755957, 0.10336258203975425, 5.0], [0.0, 0.0, 0.0, 1.0]]}, {"file_path": "./r_113.png", "transform_matrix": [[0.987741620116853, -0.016135951432123187, 0.15526146643747352, 7.511279456037853], [-0.15609769981948662, -0.10210368780656788, 0.9824501743332149, 49.432587236895706], [0.0, 0.9946428846614643, 0.1033708469169181, 5.0], [0.0, 0.0, 0.0, 1.0]]}, {"file_path": "./r_114.png", "transform_matrix": [[0.9896959927292872, -0.01480220704550296, 0.1424174730929203, 6.8895145342319095], [-0.14318464294605973, -0.10231324180486524, 0.984393294662143, 49.52307128483256], [0.0, 0.9946420940307932, 0.10337845414804171, 5.0], [0.0, 0.0, 0.0, 1.0]]}, {"file_path": "./r_115.png", "transform_matrix": [[0.9914816818826347, -0.013465556503232659, 0.12954826621472038, 6.266661678215213], [-0.13024620720459315, -0.10250473235154556, 0.9861687002508019, 49.60573506572389], [0.0, 0.9946413718690754, 0.1033854020952849, 5.0], [0.0, 0.0, 0.0, 1.0]]}, {"file_path": "./r_116.png", "transform_matrix": [[0.9930983352623237, -0.012126261338061555, 0.11665611979301511, 5.642819243674079], [-0.11728468143453884, -0.102678114485959, 0.9877760415733958, 49.68056552600042], [0.0, 0.9946407183458605, 0.10339168926190669, 5.0], [0.0, 0.0, 0.0, 1.0]]}, {"file_path": "./r_117.png", "transform_matrix": [[0.9945456337984417, -0.010784583893885287, 0.10374331324327223, 5.0180857425607455], [-0.1043023599563114, -0.10283334747640663, 0.9892150020871806, 49.74755084906501], [0.0, 0.9946401336146821, 0.10339731429281726, 5.0], [0.0, 0.0, 0.0, 1.0]]}, {"file_path": "./r_118.png", "transform_matrix": [[0.9958232917656886, -0.009440787245875305, 0.09081213086986933, 4.392559827537166], [-0.09130154202941021, -0.10297039483756687, 0.9904852983310996, 49.80668045715863], [0.0, 0.9946396178129915, 0.1034022759750785, 5.0], [0.0, 0.0, 0.0, 1.0]]}, {"file_path": "./r_119.png", "transform_matrix": [[0.9969310568729569, -0.008095135120167636, 0.07786486132752839, 3.7663402763966376], [-0.07828453130835616, -0.10308922434612164, 0.9915866800141812, 49.857945013030694], [0.0, 0.9946391710621, 0.10340657323835255, 5.0], [0.0, 0.0, 0.0, 1.0]]}, {"file_path": "./r_120.png", "transform_matrix": [[0.9978687103424817, -0.006747891813158724, 0.0649037970808344, 3.139525976465676], [-0.06525363529668077, -0.10318980805456823, 0.9925189300936427, 49.901336421413575], [0.0, 0.9946387934671256, 0.10341020515529754, 5.0], [0.0, 0.0, 0.0, 1.0]]}, {"file_path": "./r_121.png", "transform_matrix": [[0.9986360669785115, -0.005399322110456546, 0.051931233862073094, 2.51221590898848], [-0.05221116479920546, -0.10327212230320697, 0.9932818648426547, 49.93684783030087], [0.0, 0.9946384851169489, 0.10341317094191148, 5.0], [0.0, 0.0, 0.0, 1.0]]}, {"file_path": "./r_122.png", "transform_matrix": [[0.999232975225456, -0.004049691205536293, 0.03894947012763099, 1.8845091334967237], [-0.03915943337285943, -0.10333614773029363, 0.9938753339077186, 49.96447363202946], [0.0, 0.9946382460841745, 0.10341546995782239, 5.0], [0.0, 0.0, 0.0, 1.0]]}, {"file_path": "./r_123.png", "transform_matrix": [[0.9996593172154731, -0.002699264618149116, 0.025960806513191458, 1.2565047721668765], [-0.026100756776272896, -0.10338186928034906, 0.9942992203556266, 49.984209464165], [0.0, 0.9946380764250995, 0.10341710170652615, 5.0], [0.0, 0.0, 0.0, 1.0]]}, {"file_path": "./r_124.png", "transform_matrix": [[0.9999150088054676, -0.001348308112533514, 0.012967545287969708, 0.6283019941676388], [-0.01303745241839329, -0.10340927621061882, 0.9945534407099672, 49.996052210190804], [0.0, 0.9946379761796902, 0.10341806583557042, 5.0], [0.0, 0.0, 0.0, 1.0]]}, {"file_path": "./r_125.png", "transform_matrix": [[0.9999999996034736, 2.912384521020039e-06, -2.801019177127103e-05, 3.061616997868383e-15], [2.8161193629916622e-05, -0.10341836209567742, 0.9946379449771633, 50.0], [-0.0, 0.9946379453715636, 0.10341836213668554, 5.0], [0.0, 0.0, 0.0, 1.0]]}, {"file_path": "./r_126.png", "transform_matrix": [[0.9999142729844095, 0.0013541308657085058, -0.013023556029683263, -0.6283019941676327], [0.013093765007046817, -0.10340912483017409, 0.9945527166620168, 49.996052210190804], [-0.0, 0.9946379840079788, 0.10341799054586195, 5.0], [0.0, 0.0, 0.0, 1.0]]}, {"file_path": "./r_127.png", "transform_matrix": [[0.9996578460951906, 0.002705081325289434, -0.026016788336532395, -1.2565047721668703], [0.02615703997634973, -0.10338156662971658, 0.9942977727727549, 49.984209464165], [-0.0, 0.9946380920798324, 0.10341695114337374, 5.0], [0.0, 0.0, 0.0, 1.0]]}, {"file_path": "./r_128.png", "transform_matrix": [[0.9992307698491989, 0.004055497841172259, -0.03900540377739276, -1.8845091334967288], [0.03921566761610974, -0.10333569402989354, 0.9938731638155761, 49.96447363202946], [-0.0, 0.9946382695616636, 0.10341524415374906, 5.0], [0.0, 0.0, 0.0, 1.0]]}, {"file_path": "./r_129.png", "transform_matrix": [[0.9986331289101145, 0.005405114656943316, -0.05198710011858906, -2.5122159089884737], [0.05226733055355808, -0.10327151788343578, 0.9932789737786943, 49.93684783030087], [-0.0, 0.9946385164116643, 0.10341286994568662, 5.0], [0.0, 0.0, 0.0, 1.0]]}, {"file_path": "./r_130.png", "transform_matrix": [[0.9978650416651144, 0.006753666263795932, -0.06495957677415175, -3.139525976465659], [0.06530971308067163, -0.10318905335551815, 0.9925153201058976, 49.901336421413575], [-0.0, 0.9946388325716975, 0.10340982903191893, 5.0], [0.0, 0.0, 0.0, 1.0]]}, {"file_path": "./r_131.png", "transform_matrix": [[0.9969266601874627, 0.008100887482308557, -0.07792053535153763, -3.7663402763966425], [0.07834050170551149, -0.1030883199172073, 0.9915823536596324, 49.857945013030694], [-0.0, 0.9946392179673224, 0.1034061220690221, 5.0], [0.0, 0.0, 0.0, 1.0]]}, {"file_path": "./r_132.png", "transform_matrix": [[0.9958181701885098, 0.009446513544022374, -0.09086768019637556, -4.39255982753716], [0.09135738570257022, -0.1029693413370593, 0.9904802586736415, 49.80668045715863], [-0.0, 0.9946396725078257, 0.10340174985717228, 5.0], [0.0, 0.0, 0.0, 1.0]]}, {"file_path": "./r_133.png", "transform_matrix": [[0.9945397909591339, 0.010790280172769826, -0.10379871893600287, -5.018085742560739], [0.1043580576618892, -0.10283214567087526, 0.9892092526951827, 49.74755084906501], [-0.0, 0.9946401960862616, 0.10339671333984934, 5.0], [0.0, 0.0, 0.0, 1.0]]}, {"file_path": "./r_134.png", "transform_matrix": [[0.9930917753006631, 0.0121319236657039, -0.116711363021544, -5.642819243674085], [0.11734021403669373, -0.10267676524962209, 0.9877695865168641, 49.68056552600042], [-0.0, 0.994640788579497, 0.10339101360348715, 5.0], [0.0, 0.0, 0.0, 1.0]]}, {"file_path": "./r_135.png", "transform_matrix": [[0.9914744094453197, 0.013471180973980236, -0.12960332826829976, -6.266661678215208], [0.13030155568931018, -0.10250323666552988, 0.986161544098144, 49.60573506572389]