{"frames": [{"file_path": "./r_0.png", "transform_matrix": [[-0.11766618433142835, -0.16215317046627462, 0.9797249707814013, 30.0], [-0.993053205555917, 0.01921341650101127, -0.1160869310537424, 0.0], [0.0, 0.9865785290254873, 0.16328749513023355, 5.0], [0.0, 0.0, 0.0, 1.0]]}, {"file_path": "./r_1.png", "transform_matrix": [[-0.10534222864970597, -0.16261153510105053, 0.9810507140383686, 29.997631326114483], [-0.9944360285423658, 0.017225704841771803, -0.10392430047679461, 0.3769811965005782], [0.0, 0.9865397932900548, 0.16352136329916048, 5.0], [0.0, 0.0, 0.0, 1.0]]}, {"file_path": "./r_2.png", "transform_matrix": [[-0.09298410503961665, -0.16304674357885943, 0.9822269165617032, 29.990525678498997], [-0.9956675932307839, 0.015226723892971, -0.09172889767955182, 0.7539028633001243], [0.0, 0.9865008394764888, 0.16375620205715297, 5.0], [0.0, 0.0, 0.0, 1.0]]}, {"file_path": "./r_3.png", "transform_matrix": [[-0.08059355083973656, -0.16345852296706276, 0.9832527603991096, 29.978684179217677], [-0.9967470489362097, 0.01321669604639814, -0.07950244890929035, 1.1307054800980363], [0.0, 0.986461671944249, 0.16399198085564018, 5.0], [0.0, 0.0, 0.0, 1.0]]}, {"file_path": "./r_4.png", "transform_matrix": [[-0.06817232380073794, -0.1638466005931858, 0.9841274438514883, 29.962108698180526], [-0.9976735609745341, 0.011195849971586002, -0.06724670011090803, 1.5073295453930866], [0.0, 0.9864222951745723, 0.16422866857686327, 5.0], [0.0, 0.0, 0.0, 1.0]]}, {"file_path": "./r_5.png", "transform_matrix": [[-0.0557222021025451, -0.16421070417196315, 0.9848501819201696, 29.940801852848146], [-0.9984463111218566, 0.009164420703793488, -0.05496341692726866, 1.8837155858794012], [0.0, 0.9863827137721505, 0.1644662335298286, 5.0], [0.0, 0.0, 0.0, 1.0]]}, {"file_path": "./r_6.png", "transform_matrix": [[-0.04324498436297797, -0.16455056193660106, 0.985420206761458, 29.91476700781842], [-0.9990644980818033, 0.007122649730352939, -0.042654384691059755, 2.2598041658379815], [0.0, 0.9863429324667803, 0.16470464344648114, 5.0], [0.0, 0.0, 0.0, 1.0]]}, {"file_path": "./r_7.png", "transform_matrix": [[-0.030742489637528934, -0.16486590277428956, 0.9858367681484115, 29.884008274295176], [-0.9995273379607414, 0.005070785075234752, -0.03032140840782879, 2.635535896522295], [0.0, 0.9863029561149755, 0.1649438654781096, 5.0], [0.0, 0.0, 0.0, 1.0]]}, {"file_path": "./r_8.png", "transform_matrix": [[-0.018216557409913202, -0.16515645636599602, 0.9860991339397669, 29.848530509439005], [-0.9998340647508123, 0.003009081381677886, -0.017966312729859265, 3.010851445536447], [0.0, 0.9862627897015407, 0.16518386619199438, 5.0], [0.0, 0.0, 0.0, 1.0]]}, {"file_path": "./r_9.png", "transform_matrix": [[-0.005669047573027698, -0.16542195333056584, 0.9862065905559113, 29.80833931560025], [-0.9999839308206981, 0.0009377999927303778, -0.005590941920543098, 3.3856915462044506], [0.0, 0.9862224383411046, 0.16542461156831006, 5.0], [0.0, 0.0, 0.0, 1.0]]}, {"file_path": "./r_10.png", "transform_matrix": [[0.006898159600052143, -0.16566212537315195, 0.9861584434617909, 29.763441039434337], [-0.9999762074140225, -0.0011427909704602687, 0.0068028401910985685, 3.7599970069291277], [0.0, 0.9861819072796093, 0.16566606699729453, 5.0], [0.0, 0.0, 0.0, 1.0]]}, {"file_path": "./r_11.png", "transform_matrix": [[0.019483163495411893, -0.1658767054379908, 0.9859540176566294, 29.713842770899536], [-0.9998101851552679, -0.0032324165327709316, 0.01921315026609691, 4.133708720539142], [0.0, 0.9861412018957513, 0.16590819727669665, 5.0], [0.0, 0.0, 0.0, 1.0]]}, {"file_path": "./r_12.png", "transform_matrix": [[0.032084043208354236, -0.16606542786553583, 0.9855926581703219, 29.65955234213742], [-0.999485174563087, -0.005330794791809472, 0.031638085521775154, 4.506767673622712], [0.0, 0.9861003277023714, 0.1661509666095141, 5.0], [0.0, 0.0, 0.0, 1.0]]}, {"file_path": "./r_13.png", "transform_matrix": [[0.04469885760455396, -0.16622802855395688, 0.9850737305663535, 29.60057832623604], [-0.9990005065708664, -0.007437636847376282, 0.04407572380890349, 4.879114955846508], [0.0, 0.9860592903477922, 0.16639433860203465, 5.0], [0.0, 0.0, 0.0, 1.0]]}, {"file_path": "./r_14.png", "transform_matrix": [[0.0573256453927003, -0.16636424512500578, 0.9843966214510782, 29.53693003587616], [-0.9983555330543876, -0.00955264673385729, 0.05652412370013131, 5.250691769258281], [0.0, 0.9860180956170962, 0.16663827626219277, 5.0], [0.0, 0.0, 0.0, 1.0]]}, {"file_path": "./r_15.png", "transform_matrix": [[0.06996242520901577, -0.16647381709424408, 0.9835607389891816, 29.46861752186066], [-0.9975496273664147, -0.01167552135572834, 0.06898132459005885, 5.621439437571738], [0.0, 0.9859767494333445, 0.16688274199825429, 5.0], [0.0, 0.0, 0.0, 1.0]]}, {"file_path": "./r_16.png", "transform_matrix": [[0.08260719571404582, -0.16655648604562287, 0.9825655134251332, 29.395651571527406], [-0.9965821848780266, -0.01380595042635492, 0.0814453468073143, 5.991299415432211], [0.0, 0.9859352578587295, 0.16712769761784171, 5.0], [0.0, 0.0, 0.0, 1.0]]}, {"file_path": "./r_17.png", "transform_matrix": [[0.09525793570211376, -0.16661199581039715, 0.9814103976104228, 29.318043707045803], [-0.9954526235264901, -0.01594361641027441, 0.09391419173900219, 6.360213297661639], [0.0, 0.9858936270956611, 0.1673731043273135, 5.0], [0.0, 0.0, 0.0, 1.0]]}, {"file_path": "./r_18.png", "transform_matrix": [[0.10791260422384029, -0.1666400926503521, 0.9800948675363579, 29.235806183597315], [-0.9941603843694582, -0.01808819446915186, 0.10638584196789222, 6.728122828481435], [0.0, 0.98585186348778, 0.1676189227315096, 5.0], [0.0, 0.0, 0.0, 1.0]]}, {"file_path": "./r_19.png", "transform_matrix": [[0.12056914072212482, -0.16664052544531058, 0.9786184228721834, 29.14895198744022], [-0.9927049321452616, -0.02023935241160308, 0.11885826142271508, 7.0949699107117405], [0.0, 0.985809973520896, 0.16786511283387703, 5.0], [0.0, 0.0, 0.0, 1.0]]}, {"file_path": "./r_20.png", "transform_matrix": [[0.13322546518198922, -0.16661304588488401, 0.9769805875082699, 29.057494833858932], [-0.9910857558390407, -0.022396750647082, 0.13132939554193437, 7.460696614945644], [0.0, 0.9857679638238473, 0.16811163403698756, 5.0], [0.0, 0.0, 0.0, 1.0]]}, {"file_path": "./r_21.png", "transform_matrix": [[0.14587947829468384, -0.16655740866442223, 0.9751809101041015, 28.961449164998218], [-0.9893023692544515, -0.024560042144032335, 0.1437971714513623, 7.8252451886969085], [0.0, 0.9857258411692756, 0.1683584451434617, 5.0], [0.0, 0.0, 0.0, 1.0]]}, {"file_path": "./r_22.png", "transform_matrix": [[0.15852906163645572, -0.16647337168510914, 0.9732189646407721, 28.86083014758258], [-0.9873543115906593, -0.02672887239250593, 0.1562594981559851, 8.188558065519755], [0.0, 0.9856836124743156, 0.16860550435731145, 5.0], [0.0, 0.0, 0.0, 1.0]]}, {"file_path": "./r_23.png", "transform_matrix": [[0.17117207786237743, -0.16636069625814315, 0.9710943509776906, 28.755653670521276], [-0.9852411480243181, -0.02890287937145246, 0.16871426674636342, 8.550577874099282], [0.0, 0.9856412848011924, 0.168852769285715, 5.0], [0.0, 0.0, 0.0, 1.0]]}, {"file_path": "./r_24.png", "transform_matrix": [[0.18380637091563246, -0.1662191473129334, 0.9688066954131698, 28.64593634239929], [-0.9829624702962088, -0.031081693520887445, 0.1811593506199685, 8.911247447311048], [0.0, 0.9855988653577251, 0.16910019694123668, 5.0], [0.0, 0.0, 0.0, 1.0]]}, {"file_path": "./r_25.png", "transform_matrix": [[0.19642976625265346, -0.16604849360923424, 0.9663556512485618, 28.531695488854606], [-0.9805178973022002, -0.03326493771914745, 0.19359260571781484, 9.270509831248422], [0.0, 0.9855563614977306, 0.16934774374450534, 5.0], [0.0, 0.0, 0.0, 1.0]]}, {"file_path": "./r_26.png", "transform_matrix": [[0.20904007108450415, -0.16584850795313036, 0.9637408993555819, 28.412949149842326], [-0.9779070756881686, -0.03545222726544259, 0.2060118707767442, 9.628308294216286], [0.0, 0.985513780721325, 0.1695953655273638, 5.0], [0.0, 0.0, 0.0, 1.0]]}, {"file_path": "./r_27.png", "transform_matrix": [[0.22163507463489032, -0.16561896741677806, 0.960962148746446, 28.289716076785936], [-0.9751296804484963, -0.03764316986791772, 0.21841496759770948, 9.984586335689599], [0.0, 0.9854711306751179, 0.1698430175365025, 5.0], [0.0, 0.0, 0.0, 1.0]]}, {"file_path": "./r_28.png", "transform_matrix": [[0.23421254841518638, -0.16535965356179586, 0.9580191371464282, 28.162015729616222], [-0.9721854155277501, -0.0398373656374349, 0.23079970133040756, 10.339287695235512], [0.0, 0.9854284191522955, 0.1700906544375905, 5.0], [0.0, 0.0, 0.0, 1.0]]}, {"file_path": "./r_29.png", "transform_matrix": [[0.24677024651685042, -0.1650703526661909, 0.9549116315684253, 28.029868273698362], [-0.9690740144251175, -0.04203440708728962, 0.24316386077459604, 10.692356361397522], [0.0, 0.9853856540925889, 0.1703382303199156, 5.0], [0.0, 0.0, 0.0, 1.0]]}, {"file_path": "./r_30.png", "transform_matrix": [[0.2593059059216021, -0.16475085595469552, 0.9516394288891, 27.893294576647545], [-0.9657952408011634, -0.044233879139074166, 0.25550521869842996, 11.043736580540337], [0.0, 0.9853428435821234, 0.17058569870154724, 5.0], [0.0, 0.0, 0.0, 1.0]]}, {"file_path": "./r_31.png", "transform_matrix": [[0.2718172468297246, -0.1644009598323797, 0.9482023564261486, 27.75231620503374], [-0.9623488890864418, -0.04643535913490064, 0.26782153217414056, 11.393372865654031], [0.0, 0.9852999958531439, 0.17083301253503352, 5.0], [0.0, 0.0, 0.0, 1.0]]}, {"file_path": "./r_32.png", "transform_matrix": [[0.2843019730068457, -0.1640204661213933, 0.9446002725162298, 27.60695542097611], [-0.9587347850914845, -0.04863841685619547, 0.2801105429313723, 11.741210005116073], [0.0, 0.9852571192836131, 0.17108012421364485, 5.0], [0.0, 0.0, 0.0, 1.0]]}, {"file_path": "./r_33.png", "transform_matrix": [[0.29675777214954513, -0.1636091823006836, 0.9408330670930632, 27.457235178627528], [-0.9549527866176624, -0.05084261454927688, 0.29236997772848533, 12.08719307140988], [0.0, 0.9852142223966802, 0.1713269855781764, 5.0], [0.0, 0.0, 0.0, 1.0]]}, {"file_path": "./r_34.png", "transform_matrix": [[0.3091823162701236, -0.16316692174852074, 0.9369006622651909, 27.30317912054987], [-0.9510027840683966, -0.0530475069579243, 0.30459754874211925, 12.431267429798524], [0.0, 0.9851713138600114, 0.17157354792431992, 5.0], [0.0, 0.0, 0.0, 1.0]]}, {"file_path": "./r_35.png", "transform_matrix": [[0.3215732621008567, -0.16269350398765356, 0.9328030128928793, 27.144811573980586], [-0.9468847010601733, -0.05525264136314708, 0.31679095397530166, 12.77337874695218], [0.0, 0.9851284024849831, 0.17181976201061738, 5.0], [0.0, 0.0, 0.0, 1.0]]}, {"file_path": "./r_36.png", "transform_matrix": [[0.3339282515180468, -0.16218875493290885, 0.9285401071636125, 26.982157546991132], [-0.9425984950328002, -0.057457557630357356, 0.3289478776843743, 13.113472999527986], [0.0, 0.9850854972257317, 0.17206557806700618, 5.0], [0.0, 0.0, 0.0, 1.0]]}, {"file_path": "./r_37.png", "transform_matrix": [[0.34624491198617335, -0.16165250714103271, 0.9241119671656165, 26.815242724537914], [-0.9381441578583151, -0.05966178826414897, 0.3410659908249968, 13.451496482700968], [0.0, 0.9850426071780563, 0.17231094580396736, 5.0], [0.0, 0.0, 0.0, 1.0]]}, {"file_path": "./r_38.png", "transform_matrix": [[0.3585208570224227, -0.16108460006256484, 0.9195186494588302, 26.64409346440634], [-0.9335217164479397, -0.06186485847088021, 0.3531429515174704, 13.787395818644635], [0.0, 0.9849997415781699, 0.1725558144222863, 5.0], [0.0, 0.0, 0.0, 1.0]]}, {"file_path": "./r_39.png", "transform_matrix": [[0.37075368668187025, -0.16048488029552244, 0.9147602456427222, 26.4687367930486], [-0.9287312333564548, -0.06406628622925492, 0.36517640553161373, 14.121117964959975], [0.0, 0.9849569098012985, 0.17280013262343574, 5.0], [0.0, 0.0, 0.0, 1.0]]}, {"file_path": "./r_40.png", "transform_matrix": [[0.3829409880635644, -0.15985320184066074, 0.9098368829203344, 26.289200401315906], [-0.9237728073833419, -0.06626558236909072, 0.37716398679140123, 14.45261022305146], [0.0, 0.9849141213601185, 0.1730438486205903, 5.0], [0.0, 0.0, 0.0, 1.0]]}, {"file_path": "./r_41.png", "transform_matrix": [[0.3950803358377486, -0.15918942635806546, 0.904748724657914, 26.10551264008577], [-0.9186465741700296, -0.06846225065845883, 0.3891033178995607, 14.781820246448746], [0.0, 0.9848713859030368, 0.17328691015028108, 5.0], [0.0, 0.0, 0.0, 1.0]]}, {"file_path": "./r_42.png", "transform_matrix": [[0.40716929279443814, -0.15849342342481962, 0.8994959709394801, 25.91770251578506], [-0.9133527067925495, -0.0706557878993737, 0.4009920106823098, 15.108696049072824], [0.0, 0.9848287132123025, 0.17352926448469846, 5.0], [0.0, 0.0, 0.0, 1.0]]}, {"file_path": "./r_43.png", "transform_matrix": [[0.4192054104135438, -0.15776507079347799, 0.8940788591156494, 25.725799685809566], [-0.9078914163489004, -0.07284568403220353, 0.4128276667543832, 15.433186013445193], [0.0, 0.9847861132019529, 0.17377085844465046, 5.0], [0.0, 0.0, 0.0, 1.0]]}, {"file_path": "./r_44.png", "transform_matrix": [[0.43118622945672125, -0.15700425465106907, 0.8884976643460342, 25.52983445384076], [-0.9022629525403865, -0.07503142224896694, 0.4246078781044948, 15.755238898838869], [0.0, 0.9847435959155864, 0.17401163841318346, 5.0], [0.0, 0.0, 0.0, 1.0]]}, {"file_path": "./r_45.png", "transform_matrix": [[0.4431092805810963, -0.15621086987833405, 0.8827527001345039, 25.329837765060454], [-0.8964676042461898, -0.07721247911567244, 0.4363302277013461, 16.0748038493699], [0.0, 0.9847011715239635, 0.17425155034987194, 5.0], [0.0, 0.0, 0.0, 1.0]]}, {"file_path": "./r_46.png", "transform_matrix": [[0.4549720849749921, -0.1553848203089011, 0.8768443188565911, 25.125841201264254], [-0.8905057000904085, -0.07938832470384845, 0.44799229012027403, 16.391830402028074], [0.0, 0.9846588503224287, 0.1744905398057819, 5.0], [0.0, 0.0, 0.0, 1.0]]}, {"file_path": "./r_47.png", "transform_matrix": [[0.4667721550157675, -0.1545260189880815, 0.8707729122782996, 24.91787697587438], [-0.8843776090007798, -0.08155842273140433, 0.45959163219061033, 16.706268494645638], [0.0, 0.9846166427281537, 0.17472855193911316, 5.0], [0.0, 0.0, 0.0, 1.0]]}, {"file_path": "./r_48.png", "transform_matrix": [[0.47850699494983884, -0.15363438843096394, 0.8645389120655695, 24.705977928852825], [-0.8780837407582918, -0.08372223071295108, 0.4711258136637945, 17.018068473802696], [0.0, 0.9845745592771993, 0.17496553153152453, 5.0], [0.0, 0.0, 0.0, 1.0]]}, {"file_path": "./r_49.png", "transform_matrix": [[0.49017410159493735, -0.15270986087947294, 0.8581427902836264, 24.49017752151552], [-0.8716245465368653, -0.08587920011970149, 0.48259238790225883, 17.327181102668025], [0.0, 0.9845326106213914, 0.1752014230051449, 5.0], [0.0, 0.0, 0.0, 1.0]]}, {"file_path": "./r_50.png", "transform_matrix": [[0.5017709650646277, -0.15175237855804516, 0.8515850598854398, 24.270509831248425], [-0.8650005194322788, -0.08802877654905784, 0.49398890258908035, 17.633557568774194], [0.0, 0.984490807525013, 0.1754361704402721, 5.0], [0.0, 0.0, 0.0, 1.0]]}, {"file_path": "./r_51.png", "transform_matrix": [[0.5132950695150732, -0.15076189392756947, 0.844866275188499, 24.047009546126297], [-0.8582121949794913, -0.09017039990398312, 0.5053129004583591, 17.937149491725563], [0.0, 0.9844491608613054, 0.17566971759376157, 5.0], [0.0, 0.0, 0.0, 1.0]]}, {"file_path": "./r_52.png", "transform_matrix": [[0.5247438939140174, -0.14973836993722495, 0.8379870323391032, 23.819711959435057], [-0.8512601516575027, -0.09230350458224053, 0.5165619200462631, 18.237908930838167], [0.0, 0.984407681608783, 0.1759020079181046, 5.0], [0.0, 0.0, 0.0, 1.0]]}, {"file_path": "./r_53.png", "transform_matrix": [[0.5361149128319069, -0.14868178027384338, 0.8309479697633525, 23.588652964098568], [-0.8441450113808863, -0.09442751967557164, 0.5277334964626396, 18.535788392710028], [0.0, 0.9843663808473551, 0.17613298458119625, 5.0], [0.0, 0.0, 0.0, 1.0]]}, {"file_path": "./r_54.png", "transform_matrix": [[0.5474055972550569, -0.14759210960841132, 0.8237497686040179, 23.353869047010704], [-0.8368674399771057, -0.09654186917887077, 0.5388251621830733, 18.830740838721013], [0.0, 0.9843252697542558, 0.17636259048679087, 5.0], [0.0, 0.0, 0.0, 1.0]]}, {"file_path": "./r_55.png", "transform_matrix": [[0.5586134154207169, -0.14646935383932103, 0.8163931531424632, 23.115397283273673], [-0.8294281476487289, -0.09864597220939755, 0.5498344478612277, 19.12271969246069], [0.0, 0.9842843595997828, 0.17659076829564296, 5.0], [0.0, 0.0, 0.0, 1.0]]}, {"file_path": "./r_56.png", "transform_matrix": [[0.5697358336738737, -0.14531352033196898, 0.8088788912047753, 22.873275330343436], [-0.8218278894196377, -0.1007392432360564, 0.560758883161284, 19.411678847083326], [0.0, 0.9842436617428415, 0.17681746044732943, 5.0], [0.0, 0.0, 0.0, 1.0]]}, {"file_path": "./r_57.png", "transform_matrix": [[0.580770317345578, -0.14412462815429508, 0.8012077945512655, 22.627541422083116], [-0.8140674655643207, -0.10282109231875433, 0.5715959976102541, 19.69757267258869], [0.0, 0.9842031876262972, 0.17704260918274906, 5.0], [0.0, 0.0, 0.0, 1.0]]}, {"file_path": "./r_58.png", "transform_matrix": [[0.5917143316525518, -0.1429027083078471, 0.7933807192484931, 22.378234362725465], [-0.8061477220193417, -0.1048909253578323, 0.5823433214699073, 19.98035602302755], [0.0, 0.984162948772133, 0.17726615656729286, 5.0], [0.0, 0.0, 0.0, 1.0]]}, {"file_path": "./r_59.png", "transform_matrix": [[0.602565342617796, -0.14164780395395007, 0.7853985660229597, 22.125393520745217], [-0.7980695507760575, -0.10694814435354967, 0.5929983866280195, 20.259984243630733], [0.0, 0.984122956776416, 0.17748804451467814, 5.0], [0.0, 0.0, 0.0, 1.0]]}, {"file_path": "./r_60.png", "transform_matrix": [[0.6133208180118771, -0.14035997063455308, 0.7772622805956233, 21.869058822642348], [-0.7898338902536671, -0.10899214767558202, 0.603558727508618, 20.53641317786066], [0.0, 0.9840832233040718, 0.17770821481143878, 5.0], [0.0, 0.0, 0.0, 1.0]]}, {"file_path": "./r_61.png", "transform_matrix": [[0.6239782283145334, -0.13903927648732226, 0.76897285399638, 21.609270746637204], [-0.7814417256516675, -0.11102233034247598, 0.6140218820008536, 20.809599174384147], [0.0, 0.9840437600834671, 0.17792660914206146, 5.0], [0.0, 0.0, 0.0, 1.0]]}, {"file_path": "./r_62.png", "transform_matrix": [[0.6345350476961996, -0.13768580245454456, 0.760531322857665, 21.34607031627856], [-0.7728940892807901, -0.11303808431098505, 0.6243853924061011, 21.079499093965477], [0.0, 0.9840045789008052, 0.1781431691147579, 5.0], [0.0, 0.0, 0.0, 1.0]]}, {"file_path": "./r_63.png", "transform_matrix": [[0.6449887550190104, -0.13629964248540166, 0.7519387696863215, 21.079499093965477], [-0.7641920608714978, -0.1150387987751919, 0.634646806402848, 21.34607031627856], [0.0, 0.9839656915943323, 0.17835783628786092, 5.0], [0.0, 0.0, 0.0, 1.0]]}, {"file_path": "./r_64.png", "transform_matrix": [[0.6553368348568015, -0.13488090373117326, 0.7431963231128982, 20.809599174384147], [-0.7553367678591247, -0.1170238604753023, 0.6448036780288925, 21.609270746637208], [0.0, 0.9839271100483606, 0.17857055219683077, 5.0], [0.0, 0.0, 0.0, 1.0]]}, {"file_path": "./r_65.png", "transform_matrix": [[0.665576778533581, -0.13342970673292628, 0.7343051581175403, 20.536413177860663], [-0.7463293856447437, -0.11899265401597683, 0.6548535686803375, 21.869058822642344], [0.0, 0.9838888461871085, 0.17878125838185802, 5.0], [0.0, 0.0, 0.0, 1.0]]}, {"file_path": "./r_66.png", "transform_matrix": [[0.6757060851799113, -0.1319461856012442, 0.7252664962316407, 20.259984243630733], [-0.7371711378308559, -0.12094456219404477, 0.6647940481268257, 22.125393520745217], [0.0, 0.9838509119683597, 0.17898989641604673, 5.0], [0.0, 0.0, 0.0, 1.0]]}, {"file_path": "./r_67.png", "transform_matrix": [[0.6857222628065844, -0.1304304881875544, 0.7160816057144421, 19.980356023027547], [-0.7278632964310108, -0.12287896633542451, 0.6746226955424196, 22.378234362725465], [0.0, 0.9838133193769506, 0.17919640793416078, 5.0], [0.0, 0.0, 0.0, 1.0]]}, {"file_path": "./r_68.png", "transform_matrix": [[0.6956228293949483, -0.128882776246609, 0.7067518017037757, 19.69757267258869], [-0.7184071820524671, -0.12479524664105394, 0.6843371005514985, 22.627541422083112], [0.0, 0.9837760804180823, 0.17940073466191536, 5.0], [0.0, 0.0, 0.0, 1.0]]}, {"file_path": "./r_69.png", "transform_matrix": [[0.705405314003182, -0.1273032255896787, 0.6972784463401516, 19.41167884708333], [-0.708804164051025, -0.12669278254161148, 0.6939348642889992, 22.873275330343436], [0.0, 0.9837392071104656, 0.17960281844579354, 5.0], [0.0, 0.0, 0.0, 1.0]]}, {"file_path": "./r_70.png", "transform_matrix": [[0.7150672578877876, -0.12569202622802284, 0.6876629488634197, 19.12271969246069], [-0.6990556606571756, -0.12857095306078842, 0.7034136004742872, 23.115397283273676], [0.0, 0.9837027114793039, 0.17980260128336692, 5.0], [0.0, 0.0, 0.0, 1.0]]}, {"file_path": "./r_71.png", "transform_matrix": [[0.7246062156395167, -0.12404938250620114, 0.6779067656812465, 18.830740838721013], [-0.6891631390727294, -0.1304291371868501, 0.7127709364979156, 23.353869047010704], [0.0, 0.983666605549118, 0.1800000253540981, 5.0], [0.0, 0.0, 0.0, 1.0]]}, {"file_path": "./r_72.png", "transform_matrix": [[0.7340197563329065, -0.12237551322480116, 0.668011400408666, 18.535788392710028], [-0.6791281155371058, -0.13226671425220218, 0.7220045145204743, 23.588652964098568], [0.0, 0.9836309013364174, 0.180195033050601, 5.0], [0.0, 0.0, 0.0, 1.0]]}, {"file_path": "./r_73.png", "transform_matrix": [[0.7433054646885646, -0.12067065175215831, 0.6579784038779892, 18.237908930838163], [-0.6689521553624872, -0.13408306432065623, 0.7311119925827134, 23.819711959435057], [0.0, 0.9835956108422262, 0.18038756701033443, 5.0], [0.0, 0.0, 0.0, 1.0]]}, {"file_path": "./r_74.png", "transform_matrix": [[0.7524609422472904, -0.11893504612465663, 0.6478093741183788, 17.937149491725567], [-0.6586368729370682, -0.13587756858206618, 0.7400910457260689, 24.047009546126297], [0.0, 0.9835607460444686, 0.18057757014770218, 5.0], [0.0, 0.0, 0.0, 1.0]]}, {"file_path": "./r_75.png", "transform_matrix": [[0.7614838085550859, -0.11716895913520557, 0.6375059563044206, 17.633557568774194], [-0.6481839316956579, -0.1376496097539859, 0.7489393671226892, 24.270509831248425], [0.0, 0.9835263188902207, 0.1807649856865319, 5.0], [0.0, 0.0, 0.0, 1.0]]}, {"file_path": "./r_76.png", "transform_matrix": [[0.7703717023580661, -0.1153726684094975, 0.627069842673053, 17.32718110266803], [-0.6375950440569118, -0.1393985724899766, 0.7576546692140301, 24.49017752151552], [0.0, 0.9834923412878358, 0.1809497571929046, 5.0], [0.0, 0.0, 0.0, 1.0]]}, {"file_path": "./r_77.png", "transform_matrix": [[0.7791222828062391, -0.11354646646966439, 0.6165027724082416, 17.018068473802696], [-0.626871971326518, -0.14112384379417012, 0.7662346848570377, 24.705977928852825], [0.0, 0.9834588250989525, 0.1811318286083038, 5.0], [0.0, 0.0, 0.0, 1.0]]}, {"file_path": "./r_78.png", "transform_matrix": [[0.787733230665085, -0.11169066078496215, 0.6058065314928244, 16.70626849464564], [-0.6160165235656815, -0.14282481344167292, 0.7746771684769105, 24.91787697587438], [0.0, 0.9834257821303903, 0.18131114428305323, 5.0], [0.0, 0.0, 0.0, 1.0]]}, {"file_path": "./r_79.png", "transform_matrix": [[0.7962022495338276, -0.10980557380912652, 0.5949829525269787, 16.39183040202807], [-0.6050305594242927, -0.14450087440437634, 0.7829798972254001, 25.125841201264254], [0.0, 0.9833932241259441, 0.18148764901001077, 5.0], [0.0, 0.0, 0.0, 1.0]]}, {"file_path": "./r_80.png", "transform_matrix": [[0.804527067069252, -0.10789154300405886, 0.5840339145128052, 16.074803849369896], [-0.5939159859382026, -0.14615142328171535, 0.7911406721435712, 25.329837765060454], [0.0, 0.9833611627580847, 0.18166128805848483, 5.0], [0.0, 0.0, 0.0, 1.0]]}, {"file_path": "./r_81.png", "transform_matrix": [[0.8127054362138922, -0.10594892084951596, 0.5729613426045514, 15.755238898838872], [-0.5826747582900663, -0.14777586073589996, 0.7991573193279136, 25.529834453840756], [0.0, 0.9833296096195757, 0.18183200720833803, 5.0], [0.0, 0.0, 0.0, 1.0]]}, {"file_path": "./r_82.png", "transform_matrix": [[0.8207351364273677, -0.10397807483849605, 0.5617672078240508, 15.4331860134452], [-0.571308879533261, -0.14937359193112243, 0.8070276910986662, 25.725799685809566], [0.0, 0.9832985762150145, 0.1819997527842424, 5.0], [0.0, 0.0, 0.0, 1.0]]}, {"file_path": "./r_83.png", "transform_matrix": [[0.8286139749196265, -0.10197938745803159, 0.5504535267409786, 15.10869604907282], [-0.5598204002784255, -0.15094402697622594, 0.8147496671691887, 25.917702515785063], [0.0, 0.9832680739523099, 0.1821644716900498, 5.0], [0.0, 0.0, 0.0, 1.0]]}, {"file_path": "./r_84.png", "transform_matrix": [[0.8363397878848118, -0.09995325615511921, 0.5390223611175858, 14.781820246448747], [-0.5482114183422195, -0.15248658137030044, 0.8223211558151782, 26.10551264008577], [0.0, 0.9832381141341032, 0.1823261114432382, 5.0], [0.0, 0.0, 0.0, 1.0]]}, {"file_path": "./r_85.png", "transform_matrix": [[0.8439104417344485, -0.09790009328753708, 0.5274758175175992, 14.45261022305146], [-0.5364840783579398, -0.1540006764506554, 0.8297400950425214, 26.289200401315906], [0.0, 0.9832087079491476, 0.18248462020939712, 5.0], [0.0, 0.0, 0.0, 1.0]]}, {"file_path": "./r_86.png", "transform_matrix": [[0.8513238343286089, -0.09582032605932403, 0.5158160468790399, 14.121117964959975], [-0.5246405713476943, -0.15548573984260122, 0.8370044537525256, 26.4687367930486], [0.0, 0.9831798664636516, 0.18263994683670995, 5.0], [0.0, 0.0, 0.0, 1.0]]}, {"file_path": "./r_87.png", "transform_matrix": [[0.8585778962037002, -0.09371439644071594, 0.5040452440507505, 13.787395818644638], [-0.5126831342558757, -0.15694120591045613, 0.8441122329032695, 26.644093464406335], [0.0, 0.9831516006126035, 0.18279204089039505, 5.0], [0.0, 0.0, 0.0, 1.0]]}, {"file_path": "./r_88.png", "transform_matrix": [[0.8656705917954866, -0.09158276107236, 0.49216564729246903, 13.451496482700973], [-0.5006140494437327, -0.1583665162091808, 0.8510614666657839, 26.81524272453791], [0.0, 0.9831239211910828, 0.18294085268706303, 5.0], [0.0, 0.0, 0.0, 1.0]]}, {"file_path": "./r_89.png", "transform_matrix": [[0.8725999206559446, -0.08942589115365195, 0.4801795377383488, 13.113472999527986], [-0.48843564414489565, -0.15976111993602812, 0.8578502235737582, 26.982157546991132], [0.0, 0.9830968388455744, 0.18308633332894828, 5.0], [0.0, 0.0, 0.0, 1.0]]}, {"file_path": "./r_90.png", "transform_matrix": [[0.8793639186625215, -0.08724427231506901, 0.46808923882386816, 12.77337874695218], [-0.4761502898817706, -0.16112447438158417, 0.8644766076654498, 27.144811573980586], [0.0, 0.9830703640652954, 0.18322843473797315, 5.0], [0.0, 0.0, 0.0, 1.0]]}, {"file_path": "./r_91.png", "transform_matrix": [[0.885960659218364, -0.0850384044743955, 0.45589711567612595, 12.431267429798528], [-0.4637604018427639, -0.1624560453795649, 0.8709387596164674, 27.30317912054987], [0.0, 0.983044507173547, 0.1833671096896009, 5.0], [0.0, 0.0, 0.0, 1.0]]}, {"file_path": "./r_92.png", "transform_matrix": [[0.8923882544420579, -0.0828088016767687, 0.44360557446758314, 12.087193071409882], [-0.4512684382203755, -0.16375530775472164, 0.8772348578620776, 27.457235178627528], [0.0, 0.983019278319105, 0.18350231184643426, 5.0], [0.0, 0.0, 0.0, 1.0]]}, {"file_path": "./r_93.png", "transform_matrix": [[0.8986448563454171, -0.08055599191850026, 0.4312170617333584, 11.741210005116077], [-0.4386768995102483, -0.1650217457682019, 0.8833631197076831, 27.606955420976107], [0.0, 0.9829946874676594, 0.18363399579151607, 5.0], [0.0, 0.0, 0.0, 1.0]]}, {"file_path": "./r_94.png", "transform_matrix": [[0.9047286579978507, -0.07828051695465586, 0.4187340636522421, 11.393372865654033], [-0.42598832777132295, -0.1662548535597024, 0.8893218024261149, 27.75231620503374], [0.0, 0.982970744393318, 0.18376211706128728, 5.0], [0.0, 0.0, 0.0, 1.0]]}, {"file_path": "./r_95.png", "transform_matrix": [[0.910637894675827, -0.07598293209040984, 0.4061591052916599, 11.043736580540337], [-0.4132053058473203, -0.16745413558574682, 0.8951092043403716, 27.893294576647545], [0.0, 0.9829474586701847, 0.18388663217815893, 5.0], [0.0, 0.0, 0.0, 1.0]]}, {"file_path": "./r_96.png", "transform_matrix": [[0.9163708449959601, -0.07366380595621747, 0.39349474981686194, 10.692356361397522], [-0.4003304565498234, -0.16861910705341565, 0.9007236658904432, 28.029868273698362], [0.0, 0.9829248396640272, 0.1840074986826529, 5.0], [0.0, 0.0, 0.0, 1.0]]}, {"file_path": "./r_97.png", "transform_matrix": [[0.9219258320302371, -0.07132372026688198, 0.3807435976646838, 10.339287695235516], [-0.38736644180330726, -0.16974929434885203, 0.9061635706828607, 28.162015729616222], [0.0, 0.9829028965240455, 0.18412467516506753, 5.0], [0.0, 0.0, 0.0, 1.0]]}, {"file_path": "./r_98.png", "transform_matrix": [[0.9273012244019112, -0.06896326956462379, 0.36790828568227885, 9.9845863356896], [-0.374315961752523, -0.17084423545986724, 0.9114273465216067, 28.289716076785933], [0.0, 0.9828816381747553, 0.18423812129662392, 5.0], [0.0, 0.0, 0.0, 1.0]]}, {"file_path": "./r_99.png", "transform_matrix": [[0.9324954373605953, -0.06658306094629018, 0.3549914862312823, 9.628308294216282], [-0.3611817538327097, -0.17190348039196857, 0.9165134664190461, 28.41294914984233], [0.0, 0.9828610733079984, 0.1843477978600485, 5.0], [0.0, 0.0, 0.0, 1.0]]}, {"file_path": "./r_100.png", "transform_matrix": [[0.9375069338350971, -0.06418371377487735, 0.3419959062579251, 9.270509831248424], [-0.3479665918031713, -0.17292659157713525, 0.9214204495855298, 28.531695488854606], [0.0, 0.9828412103750938, 0.18445366677954853, 5.0], [0.0, 0.0, 0.0, 1.0]]}, {"file_path": "./r_101.png", "transform_matrix": [[0.9423342254625536, -0.061765859375567216, 0.32892428632967613, 8.911247447311046], [-0.3346732847448226, -0.17391314427467025, 0.9261468623963526, 28.64593634239929], [0.0, 0.9828220575791405, 0.1845556911501366, 5.0], [0.0, 0.0, 0.0, 1.0]]}, {"file_path": "./r_102.png", "transform_matrix": [[0.9469758735924356, -0.059330140716515295, 0.3157793996390547, 8.550577874099284], [-0.321304676022375, -0.1748627269634621, 0.9306913193347504, 28.755653670521276], [0.0, 0.9828036228674883, 0.18465383526626195, 5.0], [0.0, 0.0, 0.0, 1.0]]}, {"file_path": "./r_103.png", "transform_matrix": [[0.9514304902640177, -0.0568772120746561, 0.3025640509753023, 8.18855806551976], [-0.3078636422118902, -0.17577494172499772, 0.9350524839096481, 28.860830147582575], [0.0, 0.9827859139243849, 0.18474806464970545, 5.0], [0.0, 0.0, 0.0, 1.0]]}, {"file_path": "./r_104.png", "transform_matrix": [[0.9556967391559289, -0.05440773868682592, 0.2892810756646737, 7.825245188696903], [-0.29435309199450344, -0.17664940461647463, 0.939229069546892, 28.961449164998218], [0.0, 0.9827689381638143, 0.18483834607669727, 5.0], [0.0, 0.0, 0.0, 1.0]]}, {"file_path": "./r_105.png", "transform_matrix": [[0.9597733365064244, -0.05192239638653481, 0.2759333384801581, 7.460696614945642], [-0.2807759650171751, -0.17748574603337322, 0.9432198404527181, 29.057494833858932], [0.0, 0.9827527027225398, 0.18492464760421606, 5.0], [0.0, 0.0, 0.0, 1.0]]}, {"file_path": "./r_106.png", "transform_matrix": [[0.9636590520030566, -0.04942187122674814, 0.2625237325214939, 7.094969910711743], [-0.2671352307213898, -0.1782836110608596, 0.9470236124482483, 29.148951987440217], [0.0, 0.9827372144533588, 0.1850069385954298, 5.0], [0.0, 0.0, 0.0, 1.0]]}, {"file_path": "./r_107.png", "transform_matrix": [[0.9673527096404435, -0.04690685908907356, 0.2490551780664066, 6.728122828481435], [-0.253433887140792, -0.17904265981340528, 0.9506392537738222, 29.235806183597315], [0.0, 0.9827224799185877, 0.18508518974423907, 5.0], [0.0, 0.0, 0.0, 1.0]]}, {"file_path": "./r_108.png", "transform_matrix": [[0.9708531885448793, -0.044378065279775634, 0.2355306213940448, 6.360213297661642], [-0.23967495966879995, -0.17976256776202382, 0.9540656858620181, 29.318043707045803], [0.0, 0.9827085053837826, 0.18515937309888536, 5.0], [0.0, 0.0, 0.0, 1.0]]}, {"file_path": "./r_109.png", "transform_matrix": [[0.9741594237645685, -0.04183620411307113, 0.2219530335816417, 5.991299415432216], [-0.22586149979729597, -0.180443026048542, 0.9573018840782469, 29.395651571527406], [0.0, 0.98269529681171, 0.18522946208458674, 5.0], [0.0, 0.0, 0.0, 1.0]]}, {"file_path": "./r_110.png", "transform_matrix": [[0.9772704070243022, -0.03928199848218845, 0.20832540927548898, 5.621439437571736], [-0.21199658382755757, -0.18108374178634334, 0.960346878427843, 29.46861752186066], [0.0, 0.9826828598565778, 0.18529543152516664, 5.0], [0.0, 0.0, 0.0, 1.0]]}, {"file_path": "./r_111.png", "transform_matrix": [[0.9801851874434476, -0.036716179418700985, 0.19465076543735257, 5.250691769258281], [-0.19808331155464232, -0.18168443834703873, 0.9631997542286167, 29.53693003587616], [0.0, 0.982671199858536, 0.18535725766364036, 5.0], [0.0, 0.0, 0.0, 1.0]]}, {"file_path": "./r_112.png", "transform_matrix": [[0.9829028722161632, -0.034139485640670965, 0.18093214006750455, 4.879114955846512], [-0.1841248049264864, -0.18224485563254464, 0.9658596527478804, 29.60057832623604], [0.0, 0.9826603218384588, 0.18541491818172723, 5.0], [0.0, 0.0, 0.0, 1.0]]}, {"file_path": "./r_113.png", "transform_matrix": [[0.9854226272528076, -0.03155266309016896, 0.16717259090560435, 4.506767673622712], [-0.17012420667904454, -0.18276475033206963, 0.9683257718030033, 29.65955234213742], [0.0, 0.9826502304930146, 0.18546839221825764, 5.0], [0.0, 0.0, 0.0, 1.0]]}, {"file_path": "./r_114.png", "transform_matrix": [[0.987743677781559, -0.028956464460756434, 0.15337519411069275, 4.133708720539146], [-0.15608467894883124, -0.18324389616353653, 0.9705973663245988, 29.713842770899536], [0.0, 0.9826409301900365, 0.1855176603864441, 5.0], [0.0, 0.0, 0.0, 1.0]]}, {"file_path": "./r_115.png", "transform_matrix": [[0.9898653089093239, -0.02635164871554327, 0.13954304292160694, 3.7599970069291277], [-0.14200940186427385, -0.18368208409899286, 0.9726737488815054, 29.763441039434337], [0.0, 0.9826324249641996, 0.18556270478998974, 5.0], [0.0, 0.0, 0.0, 1.0]]}, {"file_path": "./r_116.png", "transform_matrix": [[0.991786866141064, -0.023738980596455968, 0.12567924629917251, 3.385691546204448], [-0.12790157211733943, -0.18407912257359005, 0.9745542901667666, 29.80833931560025], [0.0, 0.9826247185130131, 0.18560350903800743, 5.0], [0.0, 0.0, 0.0, 1.0]]}, {"file_path": "./r_117.png", "transform_matrix": [[0.9935077558567401, -0.02111923012537084, 0.11178692755155058, 3.0108514455364475], [-0.11376440151692438, -0.18443483767774052, 0.9762384194438783, 29.848530509439005], [0.0, 0.9826178141931364, 0.18564005825872515, 5.0], [0.0, 0.0, 0.0, 1.0]]}, {"file_path": "./r_118.png", "transform_matrix": [[0.9950274457451247, -0.018493172097787974, 0.097869222944164, 2.6355358965222995], [-0.0996011155255446, -0.18474907333209173, 0.9777256249526246, 29.884008274295176], [0.0, 0.9826117150170229, 0.1856723391119555, 5.0], [0.0, 0.0, 0.0, 1.0]]}, {"file_path": "./r_119.png", "transform_matrix": [[0.9963454651938088, -0.01586158556973908, 0.08392928029565339, 2.2598041658379824], [-0.08541495178089434, -0.18502169144498717, 0.9790154542738861, 29.91476700781842], [0.0, 0.9826064236499016, 0.18570033980030892, 5.0], [0.0, 0.0, 0.0, 1.0]]}, {"file_path": "./r_120.png", "transform_matrix": [[0.9974614056347887, -0.013225253338638597, 0.06997025756134133, 1.883715585879406], [-0.07120915860387353, -0.185252572052116, 0.9801075146528588, 29.940801852848146], [0.0, 0.9826019424070993, 0.18572405007913112, 5.0], [0.0, 0.0, 0.0, 1.0]]}, {"file_path": "./r_121.png", "transform_matrix": [[0.9983749208450872, -0.010584961418801851, 0.0559953214057075, 1.507329545393088], [-0.05698699349470902, -0.18544161343808682, 0.981001473280195, 29.962108698180526], [0.0, 0.9825982732517097, 0.1857434612651502, 5.0], [0.0, 0.0, 0.0, 1.0]]}, {"file_path": "./r_122.png", "transform_matrix": [[0.9990857272019384, -0.007941498512368616, 0.042007645765407546, 1.130705480098034], [-0.04275172161882976, -0.1855887322396935, 0.9816970575306261, 29.978684179217677], [0.0, 0.9825954177926138, 0.18575856624381712, 5.0], [0.0, 0.0, 0.0, 1.0]]}, {"file_path": "./r_123.png", "transform_matrix": [[0.9995936038921287, -0.005295655476379358, 0.02801041040437613, 0.7539028633001259], [-0.02850661428416376, -0.18569386353067618, 0.9821940551587066, 29.990525678498997], [0.0, 0.9825933772828546, 0.18576935947532866, 5.0], [0.0, 0.0, 0.0, 1.0]]}, {"file_path": "./r_124.png", "transform_matrix": [[0.9998983930751633, -0.0026482247867627407, 0.014006799462580365, 0.37698119650058326], [-0.014254947411553861, -0.18575696088781576, 0.9824923144513734, 29.997631326114483], [0.0, 0.9825921526183696, 0.18577583699932224, 5.0], [0.0, 0.0, 0.0, 1.0]]}, {"file_path": "./r_125.png", "transform_matrix": [[1.0, -1.2904689076751221e-17, 6.825372860702794e-17, 1.83697019872103e-15], [-6.94629575308268e-17, -0.18577799643823517, 0.9825917443370848, 30.0], [0.0, 0.9825917443370848, 0.18577799643823517, 5.0], [0.0, 0.0, 0.0, 1.0]]}, {"file_path": "./r_126.png", "transform_matrix": [[0.9998983930751633, 0.0026482247867627155, -0.01400679946258023, -0.3769811965005796], [0.014254947411553724, -0.1857569608878158, 0.9824923144513734, 29.997631326114483], [-0.0, 0.9825921526183696, 0.18577583699932224, 5.0], [0.0, 0.0, 0.0, 1.0]]}, {"file_path": "./r_127.png", "transform_matrix": [[0.9995936038921287, 0.005295655476379332, -0.028010410404375994, -0.7539028633001222], [0.028506614284163623, -0.18569386353067618, 0.9821940551587066, 29.990525678498997], [-0.0, 0.9825933772828546, 0.18576935947532866, 5.0], [0.0, 0.0, 0.0, 1.0]]}, {"file_path": "./r_128.png", "transform_matrix": [[0.9990857272019384, 0.007941498512368637, -0.04200764576540766, -1.1307054800980372], [0.04275172161882987, -0.1855887322396935, 0.9816970575306261, 29.978684179217677], [-0.0, 0.9825954177926138, 0.18575856624381712, 5.0], [0.0, 0.0, 0.0, 1.0]]}, {"file_path": "./r_129.png", "transform_matrix": [[0.9983749208450872, 0.010584961418801825, -0.055995321405707364, -1.5073295453930842], [0.05698699349470888, -0.18544161343808685, 0.981001473280195, 29.962108698180526], [-0.0, 0.9825982732517098, 0.1857434612651502, 5.0], [0.0, 0.0, 0.0, 1.0]]}, {"file_path": "./r_130.png", "transform_matrix": [[0.9974614056347887, 0.013225253338638525, -0.06997025756134094, -1.8837155858793955], [0.07120915860387313, -0.18525257205211604, 0.9801075146528588, 29.940801852848146], [-0.0, 0.9826019424070993, 0.18572405007913112, 5.0], [0.0, 0.0, 0.0, 1.0]]}, {"file_path": "./r_131.png", "transform_matrix": [[0.9963454651938088, 0.015861585569739104, -0.0839292802956535, -2.2598041658379855], [0.08541495178089446, -0.18502169144498717, 0.9790154542738859, 29.91476700781842], [-0.0, 0.9826064236499016, 0.1857003398003089, 5.0], [0.0, 0.0, 0.0, 1.0]]}, {"file_path": "./r_132.png", "transform_matrix": [[0.9950274457451247, 0.018493172097787954, -0.09786922294416388, -2.635535896522296], [0.09960111552554447, -0.18474907333209173, 0.9777256249526246, 29.884008274295176], [-0.0, 0.9826117150170229, 0.1856723391119555, 5.0], [0.0, 0.0, 0.0, 1.0]]}, {"file_path": "./r_133.png", "transform_matrix": [[0.9935077558567401, 0.021119230125370817, -0.11178692755155044, -3.0108514455364435], [0.11376440151692424, -0.18443483767774052, 0.9762384194438783, 29.848530509439005], [-0.0, 0.9826178141931364, 0.18564005825872515, 5.0], [0.0, 0.0, 0.0, 1.0]]}, {"file_path": "./r_134.png", "transform_matrix": [[0.991786866141064, 0.023738980596456, -0.12567924629917263, -3.385691546204451], [0.12790157211733957, -0.18407912257359005, 0.9745542901667664, 29.80833931560025], [-0.0, 0.9826247185130131, 0.1856035090380074, 5.0], [0.0, 0.0, 0.0, 1.0]]}, {"file_path": "./r_135.png", "transform_matrix": [[0.9898653089093239, 0.02635164871554324, -0.1395430429216068, -3.759997006929124], [0.14200940186427372, -0.18368208409899286, 0.9726737488815054, 29.763441039434337], [-0.0, 0.9826