{"frames": [{"file_path": "./r_0.png", "transform_matrix": [[-0.063604734272824, -0.16375004577732796, 0.9844492675023973, 30.0], [-0.9979751689185876, 0.010436410116411787, -0.0627426773878722, 0.0], [0.0, 0.9864466553503058, 0.1640822846872719, 5.0], [0.0, 0.0, 0.0, 1.0]]}, {"file_path": "./r_1.png", "transform_matrix": [[-0.05110435325317123, -0.16399522365325708, 0.9851364939425873, 29.997631326114483], [-0.9986933188314495, 0.008391835294557849, -0.05041063401519491, 0.3769811965005782], [0.0, 0.9864254374859295, 0.16420979349811263, 5.0], [0.0, 0.0, 0.0, 1.0]]}, {"file_path": "./r_2.png", "transform_matrix": [[-0.03858599299077007, -0.16421519374540808, 0.9856695649598167, 29.990525678498997], [-0.9992552832709548, 0.006341128659431972, -0.03806138387405649, 0.7539028633001243], [0.0, 0.9864041566368639, 0.1643375786894689, 5.0], [0.0, 0.0, 0.0, 1.0]]}, {"file_path": "./r_3.png", "transform_matrix": [[-0.026051572891438193, -0.16440980141997322, 0.9860480377481247, 29.978684179217677], [-0.9996606001788217, 0.004284588114199093, -0.02569682382726669, 1.1307054800980363], [0.0, 0.9863828158994543, 0.16446562102233814, 5.0], [0.0, 0.0, 0.0, 1.0]]}, {"file_path": "./r_4.png", "transform_matrix": [[-0.01350302412808094, -0.16457889505607726, 0.9862714918527845, 29.962108698180526], [-0.999908830013715, 0.0022225154176152544, -0.013318862031795305, 1.5073295453930866], [0.0, 0.986361418409773, 0.1645939010797813, 5.0], [0.0, 0.0, 0.0, 1.0]]}, {"file_path": "./r_5.png", "transform_matrix": [[-0.0009422894218059475, -0.16472232613928858, 0.9863395294531733, 29.940801852848146], [-0.9999995560452242, 0.00015521617436528286, -0.0009294177175322154, 1.8837155858794012], [0.0, 0.9863399673435124, 0.1647223992685844, 5.0], [0.0, 0.0, 0.0, 1.0]]}, {"file_path": "./r_6.png", "transform_matrix": [[0.011628677184010809, -0.1648399493560799, 0.9862517756451621, 29.91476700781842], [-0.9999323846475571, -0.0019170001767331265, 0.011469579040764257, 2.2598041658379815], [0.0, 0.9863184659158559, 0.16485109582102445, 5.0], [0.0, 0.0, 0.0, 1.0]]}, {"file_path": "./r_7.png", "transform_matrix": [[0.02420791055679785, -0.16493162268919906, 0.986007878722874, 29.884008274295176], [-0.9997069455927942, -0.003993820376710646, 0.02387618755841258, 2.635535896522295], [0.0, 0.9862969173813261, 0.1649799707967417, 5.0], [0.0, 0.0, 0.0, 1.0]]}, {"file_path": "./r_8.png", "transform_matrix": [[0.03679343471508711, -0.16499720751390448, 0.9856075104596556, 29.848530509439005], [-0.9993228923435441, -0.006074927362664198, 0.03628845678272542, 3.010851445536447], [0.0, 0.9862753250336095, 0.16510900408472, 5.0], [0.0, 0.0, 0.0, 1.0]]}, {"file_path": "./r_9.png", "transform_matrix": [[0.0493832630761233, -0.16503656869502048, 0.985050366388099, 29.80833931560025], [-0.998779902344833, -0.008160000286262322, 0.04870442554197515, 3.3856915462044506], [0.0, 0.9862536922053585, 0.1652381754053766, 5.0], [0.0, 0.0, 0.0, 1.0]]}, {"file_path": "./r_10.png", "transform_matrix": [[0.06197539871086552, -0.16504957468476453, 0.9843361660789507, 29.763441039434337], [-0.9980776773150621, -0.01024871453458835, 0.061122122801480556, 3.7599970069291277], [0.0, 0.9862320222679687, 0.16536746431276358, 5.0], [0.0, 0.0, 0.0, 1.0]]}, {"file_path": "./r_11.png", "transform_matrix": [[0.07456783460645852, -0.1650360976212957, 0.9834646534187378, 29.713842770899536], [-0.9972159435358542, -0.012340741753370946, 0.07353956792688382, 4.133708720539142], [0.0, 0.9862103186313307, 0.1654968501968821, 5.0], [0.0, 0.0, 0.0, 1.0]]}, {"file_path": "./r_12.png", "transform_matrix": [[0.08715855393624905, -0.16499601342793288, 0.9824355968859391, 29.65955234213742], [-0.996194452140616, -0.01443574987265103, 0.0859547709546846, 4.506767673622712], [0.0, 0.986188584743559, 0.16562631228611097, 5.0], [0.0, 0.0, 0.0, 1.0]]}, {"file_path": "./r_13.png", "transform_matrix": [[0.09974553033741754, -0.16492920191298815, 0.9812487898255223, 29.60057832623604], [-0.9950129794016294, -0.016533403134933098, 0.09836573287009286, 4.879114955846508], [0.0, 0.9861668240906923, 0.16575582964975147, 5.0], [0.0, 0.0, 0.0, 1.0]]}, {"file_path": "./r_14.png", "transform_matrix": [[0.11232672819629312, -0.16483554687015883, 0.9799040507216672, 29.53693003587616], [-0.9936713270154856, -0.018633362125868323, 0.1107704458922603, 5.250691769258281], [0.0, 0.986145040196371, 0.1658853812006895, 5.0], [0.0, 0.0, 0.0, 1.0]]}, {"file_path": "./r_15.png", "transform_matrix": [[0.12490010294141472, -0.16471493617941957, 0.9784012234684878, 29.46861752186066], [-0.99216932238667, -0.020735283807515617, 0.12316689376694444, 5.621439437571738], [0.0, 0.9861232366214842, 0.16601494569817646, 5.0], [0.0, 0.0, 0.0, 1.0]]}, {"file_path": "./r_16.png", "transform_matrix": [[0.1374636013443971, -0.16456726190835363, 0.9767401776385652, 29.395651571527406], [-0.9905068189091021, -0.02283882155422588, 0.13555305206665605, 5.991299415432211], [0.0, 0.9861014169637936, 0.1661445017507303, 5.0], [0.0, 0.0, 0.0, 1.0]]}, {"file_path": "./r_17.png", "transform_matrix": [[0.15001516182865662, -0.16439242041386037, 0.9749208087490977, 29.318043707045803], [-0.9886836962454281, -0.024943625191193558, 0.14792688849833655, 6.360213297661639], [0.0, 0.9860795848575277, 0.16627402781915812, 5.0], [0.0, 0.0, 0.0, 1.0]]}, {"file_path": "./r_18.png", "transform_matrix": [[0.16255271478604702, -0.16419031244417384, 0.9729430385254682, 29.235806183597315], [-0.9866998606038647, -0.02704934103571839, 0.16028636321860742, 6.728122828481435], [0.0, 0.9860577439729471, 0.16640350221970096, 5.0], [0.0, 0.0, 0.0, 1.0]]}, {"file_path": "./r_19.png", "transform_matrix": [[0.17507418290144966, -0.16396084324112475, 0.9708068151620327, 29.14895198744022], [-0.984555245012381, -0.029155611941218816, 0.17262942915662818, 7.0949699107117405], [0.0, 0.9860358980158849, 0.16653290312730282, 5.0], [0.0, 0.0, 0.0, 1.0]]}, {"file_path": "./r_20.png", "transform_matrix": [[0.18757748148535913, -0.16370392264257708, 0.9685121135799196, 29.057494833858932], [-0.9822498095900095, -0.03126207734403717, 0.18495403234459554, 7.460696614945644], [0.0, 0.9860140507272546, 0.16666220857900393, 5.0], [0.0, 0.0, 0.0, 1.0]]}, {"file_path": "./r_21.png", "transform_matrix": [[0.20006051881449832, -0.16341946518496658, 0.9660589356816349, 28.961449164998218], [-0.9797835418150652, -0.03336837331307534, 0.19725811225591072, 7.8252451886969085], [0.0, 0.9859922058825307, 0.16679139647746, 5.0], [0.0, 0.0, 0.0, 1.0]]}, {"file_path": "./r_22.png", "transform_matrix": [[0.2125211964804935, -0.16310739020586876, 0.9634473106022612, 28.86083014758258], [-0.9771564567900575, -0.03547413260229777, 0.20953960215103762, 8.188558065519755], [0.0, 0.9859703672912007, 0.16692044459458805, 5.0], [0.0, 0.0, 0.0, 1.0]]}, {"file_path": "./r_23.png", "transform_matrix": [[0.22495740974663309, -0.16276762194651906, 0.9606772949570321, 28.755653670521276], [-0.9743685975030628, -0.03757898470613741, 0.2217964294310674, 8.550577874099282], [0.0, 0.9859485387961844, 0.1670493305753395, 5.0], [0.0, 0.0, 0.0, 1.0]]}, {"file_path": "./r_24.png", "transform_matrix": [[0.2373670479127269, -0.16240008965420805, 0.957748973085068, 28.64593634239929], [-0.9714200350853369, -0.039682555917837495, 0.2340265159990006, 8.911247447311048], [0.0, 0.9859267242732256, 0.1671780319416014, 5.0], [0.0, 0.0, 0.0, 1.0]]}, {"file_path": "./r_25.png", "transform_matrix": [[0.24974799468808012, -0.1620047276844718, 0.9546624572890478, 28.531695488854606], [-0.9683108690649314, -0.04178446939076154, 0.24622777862875223, 9.270509831248422], [0.0, 0.9859049276302522, 0.1673065260962266, 5.0], [0.0, 0.0, 0.0, 1.0]]}, {"file_path": "./r_26.png", "transform_matrix": [[0.26209812857258746, -0.1615814756029947, 0.9514178880705925, 28.412949149842326], [-0.9650412276160784, -0.04388434520270077, 0.25839812934187967, 9.628308294216286], [0.0, 0.9858831528067052, 0.1674347903271927, 5.0], [0.0, 0.0, 0.0, 1.0]]}, {"file_path": "./r_27.png", "transform_matrix": [[0.2744153232459444, -0.16113027828714102, 0.9480154343611354, 28.289716076785936], [-0.961611267804108, -0.0459818004232062, 0.2705354757920236, 9.984586335689599], [0.0, 0.9858614037728372, 0.167562801811891, 5.0], [0.0, 0.0, 0.0, 1.0]]}, {"file_path": "./r_28.png", "transform_matrix": [[0.28669744796497365, -0.16065108602702957, 0.9444552937480456, 28.162015729616222], [-0.9580211758256553, -0.04807644918397158, 0.28263772165705303, 10.339287695235512], [0.0, 0.9858396845289791, 0.16769053762154576, 5.0], [0.0, 0.0, 0.0, 1.0]]}, {"file_path": "./r_29.png", "transform_matrix": [[0.2989423679690469, -0.16014385462606287, 0.9407376926957723, 28.029868273698362], [-0.9542711672439123, -0.05016790275228915, 0.29470276703888937, 10.692356361397522], [0.0, 0.9858179991047756, 0.1678179747257626, 5.0], [0.0, 0.0, 0.0, 1.0]]}, {"file_path": "./r_30.png", "transform_matrix": [[0.3111479448935861, -0.1596085455008218, 0.9368628867617769, 27.893294576647545], [-0.9503614872186782, -0.052255769607599784, 0.3067285088709876, 11.043736580540337], [0.0, 0.9857963515583884, 0.16794508999720845, 5.0], [0.0, 0.0, 0.0, 1.0]]}, {"file_path": "./r_31.png", "transform_matrix": [[0.3233120371916138, -0.15904512578023378, 0.9328311608070123, 27.75231620503374], [-0.9462924107309582, -0.054339655521155265, 0.31871284133343863, 11.393372865654031], [0.0, 0.9857747459756676, 0.1680718602164211, 5.0], [0.0, 0.0, 0.0, 1.0]]}, {"file_path": "./r_32.png", "transform_matrix": [[0.3354325005633169, -0.15845356840392122, 0.9286428292007128, 27.60695542097611], [-0.9420642428018593, -0.05641916363880803, 0.33065365627565196, 11.741210005116073], [0.0, 0.9857531864692913, 0.16819826207674898, 5.0], [0.0, 0.0, 0.0, 1.0]]}, {"file_path": "./r_33.png", "transform_matrix": [[0.34750718839358274, -0.15783385221963595, 0.92429823601925, 27.457235178627528], [-0.9376773187055273, -0.05849389456694194, 0.34254884364657323, 12.08719307140988], [0.0, 0.9857316771778726, 0.16832427218942134, 5.0], [0.0, 0.0, 0.0, 1.0]]}, {"file_path": "./r_34.png", "transform_matrix": [[0.35953395219745576, -0.1571859620796821, 0.9197977552388146, 27.30317912054987], [-0.9331320041758709, -0.060563446461553545, 0.3543962919323803, 12.431267429798524], [0.0, 0.9857102222650344, 0.16844986708874754, 5.0], [0.0, 0.0, 0.0, 1.0]]}, {"file_path": "./r_35.png", "transform_matrix": [[0.3715106420734563, -0.15650988893622994, 0.9151417909216785, 27.144811573980586], [-0.9284286956068131, -0.06262741512049128, 0.366193888601595, 12.77337874695218], [0.0, 0.9856888259184512, 0.1685750232374457, 5.0], [0.0, 0.0, 0.0, 1.0]]}, {"file_path": "./r_36.png", "transform_matrix": [[0.3834351071646953, -0.15580562993542177, 0.9103307773957908, 26.982157546991132], [-0.923567820245811, -0.06468539407885707, 0.3779395205575415, 13.113472999527986], [0.0, 0.9856674923488598, 0.16869971703210004, 5.0], [0.0, 0.0, 0.0, 1.0]]}, {"file_path": "./r_37.png", "transform_matrix": [[0.39530519612771114, -0.1550731885101678, 0.9053651794274628, 26.815242724537914], [-0.9185498363803849, -0.06673697470757119, 0.38963107459807306, 13.451496482700968], [0.0, 0.9856462257890358, 0.16882392480874572, 5.0], [0.0, 0.0, 0.0, 1.0]]}, {"file_path": "./r_38.png", "transform_matrix": [[0.40711875760894334, -0.15431257447153074, 0.9002454923868926, 26.64409346440634], [-0.913375233517392, -0.06878174631509854, 0.40126643788248095, 13.787395818644635], [0.0, 0.9856250304927395, 0.16894762284858075, 5.0], [0.0, 0.0, 0.0, 1.0]]}, {"file_path": "./r_39.png", "transform_matrix": [[0.41887364072875527, -0.15352380409859576, 0.8949722424062847, 26.4687367930486], [-0.9080445325547849, -0.0708192962523313, 0.41284349840549367, 14.121117964959975], [0.0, 0.9856039107336276, 0.16907078738380404, 5.0], [0.0, 0.0, 0.0, 1.0]]}, {"file_path": "./r_40.png", "transform_matrix": [[0.430567695572902, -0.15270690022672093, 0.8895459865303127, 26.289200401315906], [-0.9025582859455896, -0.07284921002061914, 0.4243601454782611, 14.45261022305146], [0.0, 0.985582870804134, 0.16919339460357777, 5.0], [0.0, 0.0, 0.0, 1.0]]}, {"file_path": "./r_41.png", "transform_matrix": [[0.4421987736913364, -0.15186189233406355, 0.88396731285868, 26.10551264008577], [-0.8969170778538439, -0.07487107138293506, 0.4358142702162163, 14.781820246448746], [0.0, 0.9855619150143174, 0.16931542066011374, 5.0], [0.0, 0.0, 0.0, 1.0]]}, {"file_path": "./r_42.png", "transform_matrix": [[0.4537647286042378, -0.1509888166262755, 0.8782368406805304, 25.91770251578506], [-0.8911215243022258, -0.07688446247816191, 0.4472037660336971, 15.108696049072824], [0.0, 0.985541047690679, 0.16943684167488174, 5.0], [0.0, 0.0, 0.0, 1.0]]}, {"file_path": "./r_43.png", "transform_matrix": [[0.46526341631513046, -0.150087716119261, 0.8723552206004603, 25.725799685809566], [-0.8851722733111186, -0.07888896393847959, 0.45852652914519537, 15.433186013445193], [0.0, 0.9855202731749446, 0.1695576337449382, 5.0], [0.0, 0.0, 0.0, 1.0]]}, {"file_path": "./r_44.png", "transform_matrix": [[0.4766926958309639, -0.14915864071988894, 0.8663231346558877, 25.52983445384076], [-0.879070005028842, -0.08088415500983132, 0.46978045907310517, 15.755238898838869], [0.0, 0.9854995958228197, 0.16967777294937403, 5.0], [0.0, 0.0, 0.0, 1.0]]}, {"file_path": "./r_45.png", "transform_matrix": [[0.4880504296890043, -0.1482016473045521, 0.8601412964255324, 25.329837765060454], [-0.8728154318527935, -0.08286961367544182, 0.48096345916182115, 16.0748038493699], [0.0, 0.9854790200027091, 0.1697972353558792, 5.0], [0.0, 0.0, 0.0, 1.0]]}, {"file_path": "./r_46.png", "transform_matrix": [[0.4993344844903844, -0.14721679979546434, 0.8538104511287644, 25.125841201264254], [-0.8664092985412392, -0.08484491678235766, 0.4920734370980339, 16.391830402028074], [0.0, 0.9854585500944101, 0.1699159970274224, 5.0], [0.0, 0.0, 0.0, 1.0]]}, {"file_path": "./r_47.png", "transform_matrix": [[0.5105427314401507, -0.146204169234587, 0.8473313757155783, 24.91787697587438], [-0.8598523823154938, -0.08680964017097555, 0.5031083054370655, 16.706268494645638], [0.0, 0.9854381904877698, 0.17003403402904377, 5.0], [0.0, 0.0, 0.0, 1.0]]}, {"file_path": "./r_48.png", "transform_matrix": [[0.5216730468936317, -0.14516383385507614, 0.8407048789469529, 24.705977928852825], [-0.8531454929522366, -0.08876335880752069, 0.5140659821350685, 17.018068473802696], [0.0, 0.985417945581317, 0.17015132243475747, 5.0], [0.0, 0.0, 0.0, 1.0]]}, {"file_path": "./r_49.png", "transform_matrix": [[0.5327233129089459, -0.14409587915014116, 0.8339318014653628, 24.49017752151552], [-0.8462894728657077, -0.0907056469194334, 0.5249443910869129, 17.327181102668025], [0.0, 0.9853978197808615, 0.17026783833456335, 5.0], [0.0, 0.0, 0.0, 1.0]]}, {"file_path": "./r_50.png", "transform_matrix": [[0.5436914178054604, -0.1430003979392068, 0.8270130158552021, 24.270509831248425], [-0.8392851971795334, -0.09263607813361814, 0.5357414626695733, 17.633557568774194], [0.0, 0.9853778174980654, 0.17038355784156317, 5.0], [0.0, 0.0, 0.0, 1.0]]}, {"file_path": "./r_51.png", "transform_matrix": [[0.5545752567279938, -0.1418774904312696, 0.8199494266928935, 24.047009546126297], [-0.8321335737879344, -0.09455422561750466, 0.5464551342908165, 17.937149491725563], [0.0, 0.9853579431489854, 0.17049845709918013, 5.0], [0.0, 0.0, 0.0, 1.0]]}, {"file_path": "./r_52.png", "transform_matrix": [[0.565372732216558, -0.14072726428534107, 0.8127419705864513, 23.819711959435057], [-0.8248355434060683, -0.09645966222286775, 0.557083350942986, 18.237908930838167], [0.0, 0.985338201152586, 0.17061251228847776, 5.0], [0.0, 0.0, 0.0, 1.0]]}, {"file_path": "./r_53.png", "transform_matrix": [[0.5760817547814131, -0.13954983466787121, 0.8053916162042771, 23.588652964098568], [-0.8173920796092704, -0.09835196063234714, 0.5676240657616671, 18.535788392710028], [0.0, 0.985318595929227, 0.1707256996355761, 5.0], [0.0, 0.0, 0.0, 1.0]]}, {"file_path": "./r_54.png", "transform_matrix": [[0.5867002434832121, -0.13834532430704397, 0.7978993642929654, 23.353869047010704], [-0.809804188860949, -0.10023069350860547, 0.5780752405890123, 18.830740838721013], [0.0, 0.9852991318991217, 0.1708379954191607, 5.0], [0.0, 0.0, 0.0, 1.0]]}, {"file_path": "./r_55.png", "transform_matrix": [[0.5972261265179898, -0.13711386354384164, 0.7902662476839047, 23.115397283273673], [-0.8020729105289106, -0.10209543364605768, 0.5884348465414887, 19.12271969246069], [0.0, 0.9852798134807718, 0.1709493759780824, 5.0], [0.0, 0.0, 0.0, 1.0]]}, {"file_path": "./r_56.png", "transform_matrix": [[0.6076573418067498, -0.13585559037977182, 0.7824933312884644, 22.873275330343436], [-0.7941993168898819, -0.10394575412510094, 0.5987008645818119, 19.411678847083326], [0.0, 0.9852606450893732, 0.1710598177190432, 5.0], [0.0, 0.0, 0.0, 1.0]]}, {"file_path": "./r_57.png", "transform_matrix": [[0.6179918375893947, -0.13457065052115488, 0.7745817120815571, 22.627541422083116], [-0.7861845131220044, -0.10578122846877164, 0.6088712860948152, 19.69757267258869], [0.0, 0.9852416311352007, 0.17116929712436532, 5.0], [0.0, 0.0, 0.0, 1.0]]}, {"file_path": "./r_58.png", "transform_matrix": [[0.628227573022727, -0.13325919741987005, 0.7665325190733829, 22.378234362725465], [-0.7780296372850936, -0.1076014308017484, 0.6189441134669933, 19.98035602302755], [0.0, 0.9852227760219658, 0.17127779075983945, 5.0], [0.0, 0.0, 0.0, 1.0]]}, {"file_path": "./r_59.png", "transform_matrix": [[0.6383625187822464, -0.13192139231046004, 0.7583469132691554, 22.125393520745217], [-0.7697358602884408, -0.10940593601161963, 0.6289173606694566, 20.259984243630733], [0.0, 0.9852040841451537, 0.17138527528264766, 5.0], [0.0, 0.0, 0.0, 1.0]]}, {"file_path": "./r_60.png", "transform_matrix": [[0.6483946576674606, -0.1305574042434962, 0.750026087616622, 21.869058822642348], [-0.7613043858459614, -0.11119431991232771, 0.6387890538440202, 20.53641317786066], [0.0, 0.9851855598903362, 0.17149172744935764, 5.0], [0.0, 0.0, 0.0, 1.0]]}, {"file_path": "./r_61.png", "transform_matrix": [[0.6583219852104109, -0.129167410115108, 0.7415712669412017, 21.609270746637204], [-0.752736450418487, -0.11296615940969822, 0.6485572318921432, 20.809599174384147], [0.0, 0.985167207631465, 0.17159712412398367, 5.0], [0.0, 0.0, 0.0, 1.0]]}, {"file_path": "./r_62.png", "transform_matrix": [[0.6681425102871117, -0.1277515946925825, 0.7329837078685576, 21.34607031627856], [-0.7440333231430141, -0.1147210326689588, 0.6582199470664276, 21.079499093965477], [0.0, 0.9851490317291439, 0.17170144228610945, 5.0], [0.0, 0.0, 0.0, 1.0]]}, {"file_path": "./r_63.png", "transform_matrix": [[0.6778542557315921, -0.1263101506359425, 0.7242646987344439, 21.079499093965477], [-0.7351963057487227, -0.11645851928414813, 0.667775265564377, 21.34607031627856], [0.0, 0.9851310365288819, 0.1718046590390691, 5.0], [0.0, 0.0, 0.0, 1.0]]}, {"file_path": "./r_64.png", "transform_matrix": [[0.6874552589522199, -0.12484327851541413, 0.7154155594816617, 20.809599174384147], [-0.7262267324595924, -0.11817820044931138, 0.6772212681241088, 21.609270746637208], [0.0, 0.9851132263593283, 0.17190675161818073, 5.0], [0.0, 0.0, 0.0, 1.0]]}, {"file_path": "./r_65.png", "transform_matrix": [[0.6969435725499754, -0.12335118682469699, 0.7064376415439766, 20.536413177860663], [-0.7171259698834489, -0.11987965913137394, 0.6865560506217016, 21.869058822642344], [0.0, 0.9850956055304909, 0.17200769739902835, 5.0], [0.0, 0.0, 0.0, 1.0]]}, {"file_path": "./r_66.png", "transform_matrix": [[0.7063172649383453, -0.12183409198995364, 0.6973323277168489, 20.259984243630733], [-0.7078954168872795, -0.12156248024458309, 0.6957777246698619, 22.125393520745217], [0.0, 0.9850781783319378, 0.17210747390578696, 5.0], [0.0, 0.0, 0.0, 1.0]]}, {"file_path": "./r_67.png", "transform_matrix": [[0.7155744209644852, -0.12029221837443795, 0.6881010320148476, 19.980356023027547], [-0.698536504458673, -0.12322625082640104, 0.7048844182175736, 22.378234362725465], [0.0, 0.9850609490309854, 0.1722060588195856, 5.0], [0.0, 0.0, 0.0, 1.0]]}, {"file_path": "./r_68.png", "transform_matrix": [[0.724713142531303, -0.11872579827868454, 0.6787451995156153, 19.69757267258869], [-0.6890506955532396, -0.12487056021473093, 0.7138742761503989, 22.627541422083112], [0.0, 0.985043921870872, 0.17230342998690315, 5.0], [0.0, 0.0, 0.0, 1.0]]}, {"file_path": "./r_69.png", "transform_matrix": [[0.7337315492201034, -0.11713507193618568, 0.6692663061902725, 19.41167884708333], [-0.6794394849278831, -0.12649500022635304, 0.7227454608910857, 22.873275330343436], [0.0, 0.9850271010689197, 0.17239956542799187, 5.0], [0.0, 0.0, 0.0, 1.0]]}, {"file_path": "./r_70.png", "transform_matrix": [[0.7426277789134245, -0.11552028750448534, 0.6596658587201516, 19.12271969246069], [-0.6697043989598053, -0.12809916533644433, 0.7314961530001318, 23.115397283273676], [0.0, 0.9850104908146854, 0.17249444334532243, 5.0], [0.0, 0.0, 0.0, 1.0]]}, {"file_path": "./r_71.png", "transform_matrix": [[0.7513999884176962, -0.11388170105162378, 0.6499453942997632, 18.830740838721013], [-0.6598469954511318, -0.1296826528590521, 0.7401245517759513, 23.353869047010704], [0.0, 0.9849940952681022, 0.17258804213204582, 5.0], [0.0, 0.0, 0.0, 1.0]]}, {"file_path": "./r_72.png", "transform_matrix": [[0.7600463540853399, -0.11221957653786967, 0.640106480425908, 18.535788392710028], [-0.649868863419061, -0.13124506312838827, 0.7486288758542802, 23.588652964098568], [0.0, 0.9849779185576124, 0.17268034038046545, 5.0], [0.0, 0.0, 0.0, 1.0]]}, {"file_path": "./r_73.png", "transform_matrix": [[0.7685650724359218, -0.11053418579268183, 0.6301507146728592, 18.237908930838163], [-0.639771622871448, -0.13278599968080806, 0.7570073638064575, 23.819711959435057], [0.0, 0.9849619647782941, 0.17277131689051475, 5.0], [0.0, 0.0, 0.0, 1.0]]}, {"file_path": "./r_74.png", "transform_matrix": [[0.7769543607759726, -0.10882580848684532, 0.620079724453545, 17.937149491725567], [-0.6295569245677469, -0.13430506943733342, 0.7652582747362052, 24.047009546126297], [0.0, 0.9849462379899817, 0.17286095067823293, 5.0], [0.0, 0.0, 0.0, 1.0]]}, {"file_path": "./r_75.png", "transform_matrix": [[0.7852124578170715, -0.107094732099733, 0.6098951667666831, 17.633557568774194], [-0.6192264497652484, -0.13580188288657868, 0.7733798888745338, 24.270509831248425], [0.0, 0.9849307422153837, 0.1729492209842346, 5.0], [0.0, 0.0, 0.0, 1.0]]}, {"file_path": "./r_76.png", "transform_matrix": [[0.7933376242917959, -0.10534125188164639, 0.5995987279298187, 17.32718110266803], [-0.6087819099505579, -0.13727605426793354, 0.7813705081723894, 24.49017752151552], [0.0, 0.9849154814381967, 0.17303610728216554, 5.0], [0.0, 0.0, 0.0, 1.0]]}, {"file_path": "./r_77.png", "transform_matrix": [[0.8013281435671309, -0.10356567081119515, 0.5891921232982352, 17.018068473802696], [-0.5982250465562736, -0.13872720175485487, 0.7892284568906598, 24.705977928852825], [0.0, 0.9849004596012203, 0.17312158928713958, 5.0], [0.0, 0.0, 0.0, 1.0]]}, {"file_path": "./r_78.png", "transform_matrix": [[0.8091823222549231, -0.10176829954768021, 0.5786770969697206, 16.70626849464564], [-0.5875576306628395, -0.14015494763811728, 0.7969520821871456, 24.91787697587438], [0.0, 0.9848856806044701, 0.17320564696415, 5.0], [0.0, 0.0, 0.0, 1.0]]}, {"file_path": "./r_79.png", "transform_matrix": [[0.8168984908189709, -0.09994945637844839, 0.5680554214751765, 16.39183040202807], [-0.5767814626855546, -0.14155891850886965, 0.804539754700109, 25.125841201264254], [0.0, 0.9848711483032955, 0.1732882605364488, 5.0], [0.0, 0.0, 0.0, 1.0]]}, {"file_path": "./r_80.png", "transform_matrix": [[0.8244750041783251, -0.0981094671611944, 0.5573288974550821, 16.074803849369896], [-0.5658983720467403, -0.14293874544134225, 0.8119898691279986, 25.329837765060454], [0.0, 0.9848568665064998, 0.17336941049388827, 5.0], [0.0, 0.0, 0.0, 1.0]]}, {"file_path": "./r_81.png", "transform_matrix": [[0.8319102423063881, -0.09624866526118783, 0.546499353321819, 15.755238898838872], [-0.5549102168330716, -0.1442940641750483, 0.8193008448049595, 25.529834453840756], [0.0, 0.9848428389744665, 0.17344907760121742, 5.0], [0.0, 0.0, 0.0, 1.0]]}, {"file_path": "./r_82.png", "transform_matrix": [[0.8392026108253794, -0.09436739148341203, 0.5355686449078989, 15.4331860134452], [-0.5438188834381045, -0.14562451529632026, 0.8264711262717198, 25.725799685809566], [0.0, 0.9848290694172914, 0.17352724290632798, 5.0], [0.0, 0.0, 0.0, 1.0]]}, {"file_path": "./r_83.png", "transform_matrix": [[0.8463505415957489, -0.09246599399960338, 0.5245386551001251, 15.10869604907282], [-0.532626286190029, -0.14692974441902154, 0.833499183841459, 25.917702515785063], [0.0, 0.9848155614929257, 0.17360388774844207, 5.0], [0.0, 0.0, 0.0, 1.0]]}, {"file_path": "./r_84.png", "transform_matrix": [[0.8533524933001041, -0.09054482827018887, 0.5134112934597542, 14.781820246448747], [-0.5213343669647109, -0.14820940236427113, 0.8403835141602493, 26.10551264008577], [0.0, 0.9848023188053264, 0.17367899376623647, 5.0], [0.0, 0.0, 0.0, 1.0]]}, {"file_path": "./r_85.png", "transform_matrix": [[0.8602069520212335, -0.08860425696112104, 0.5021884958287145, 14.45261022305146], [-0.5099450947840749, -0.14946314533901917, 0.8471226407616715, 26.289200401315906], [0.0, 0.9847893449026218, 0.1737525429058957, 5.0], [0.0, 0.0, 0.0, 1.0]]}, {"file_path": "./r_86.png", "transform_matrix": [[0.8669124318137856, -0.08664464985562058, 0.4908722239219749, 14.121117964959975], [-0.4984604653999238, -0.1506906351133088, 0.853715114615197, 26.4687367930486], [0.0, 0.9847766432752884, 0.1738245174290884, 5.0], [0.0, 0.0, 0.0, 1.0]]}, {"file_path": "./r_87.png", "transform_matrix": [[0.8734674752691831, -0.08466638376083722, 0.4794644649061509, 13.787395818644638], [-0.48688250086327706, -0.1518915391960602, 0.8601595146679323, 26.644093464406335], [0.0, 0.9847642173543445, 0.17389489992085924, 5.0], [0.0, 0.0, 0.0, 1.0]]}, {"file_path": "./r_88.png", "transform_matrix": [[0.8798706540733437, -0.08266984240944965, 0.46796723096445875, 13.451496482700973], [-0.4752132490793437, -0.15306553100921208, 0.8664544483793256, 26.81524272453791], [0.0, 0.9847520705095596, 0.17396367329743098, 5.0], [0.0, 0.0, 0.0, 1.0]]}, {"file_path": "./r_89.png", "transform_matrix": [[0.8861205695567765, -0.08065541635622855, 0.45638255884814155, 13.113472999527986], [-0.4634547833482507, -0.1542122900600546, 0.872598552248432, 26.982157546991132], [0.0, 0.984740206047685, 0.17403082081390925, 5.0], [0.0, 0.0, 0.0, 1.0]]}, {"file_path": "./r_90.png", "transform_matrix": [[0.8922158532366323, -0.07862350286959492, 0.4447125094145014, 12.77337874695218], [-0.45160920189166676, -0.15533150211158897, 0.8785904923333334, 27.144811573980586], [0.0, 0.9847286272107013, 0.17409632607188402, 5.0], [0.0, 0.0, 0.0, 1.0]]}, {"file_path": "./r_91.png", "transform_matrix": [[0.8981551673502846, -0.07657450581820896, 0.4329591671516834, 12.431267429798528], [-0.43967862736546826, -0.1564228593507485, 0.8844289647623226, 27.30317912054987], [0.0, 0.9847173371740914, 0.17416017302692072, 5.0], [0.0, 0.0, 0.0, 1.0]]}, {"file_path": "./r_92.png", "transform_matrix": [[0.9039372053800185, -0.07450883555263477, 0.42112463969038016, 12.087193071409882], [-0.4276652063586212, -0.1574860605543164, 0.8901126962364485, 27.457235178627528], [0.0, 0.9847063390451352, 0.17422234599593525, 5.0], [0.0, 0.0, 0.0, 1.0]]}, {"file_path": "./r_93.png", "transform_matrix": [[0.9095606925684124, -0.07242690878212887, 0.40921105730262874, 11.741210005116077], [-0.4155711088784567, -0.15852081125237585, 0.8956404445230344, 27.606955420976107], [0.0, 0.9846956358612309, 0.1742828296644457, 5.0], [0.0, 0.0, 0.0, 1.0]]}, {"file_path": "./r_94.png", "transform_matrix": [[0.9150243864239977, -0.07032914844660784, 0.39722057238788827, 11.393372865654033], [-0.4033985278225326, -0.1595268238891303, 0.9010109989397798, 27.75231620503374], [0.0, 0.9846852305882431, 0.17434160909369453, 5.0], [0.0, 0.0, 0.0, 1.0]]}, {"file_path": "./r_95.png", "transform_matrix": [[0.920327077216789, -0.06821598358385748, 0.3851553589466066, 11.043736580540337], [-0.3911496784372991, -0.16050381798093116, 0.9062231808290613, 27.893294576647545], [0.0, 0.9846751261188794, 0.1743986697276358, 5.0], [0.0, 0.0, 0.0, 1.0]]}, {"file_path": "./r_96.png", "transform_matrix": [[0.9254675884632788, -0.06608784919205005, 0.3730176120414851, 10.692356361397522], [-0.3788267977637842, -0.16145152027135318, 0.9112758440220533, 28.029868273698362], [0.0, 0.9846653252710983, 0.1744539973997796, 5.0], [0.0, 0.0, 0.0, 1.0]]}, {"file_path": "./r_97.png", "transform_matrix": [[0.9304447774004998, -0.06394518608764345, 0.3608095472466753, 10.339287695235516], [-0.3664321440705416, -0.1623696648831581, 0.9161678752922942, 28.162015729616222], [0.0, 0.9846558307865483, 0.17450757833988875, 5.0], [0.0, 0.0, 0.0, 1.0]]}, {"file_path": "./r_98.png", "transform_matrix": [[0.93525753544876, -0.06178844075874246, 0.3485334000851494, 9.9845863356896], [-0.35396799627411435, -0.16325799346699077, 0.9208981947983287, 28.289716076785933], [0.0, 0.9846466453290417, 0.1745593991805214, 5.0], [0.0, 0.0, 0.0, 1.0]]}, {"file_path": "./r_99.png", "transform_matrix": [[0.9399047886626661, -0.059618065214006706, 0.33619142545449804, 9.628308294216282], [-0.34143665334727735, -0.16411625534665186, 0.9254657565150662, 28.41294914984233], [0.0, 0.9846377714830622, 0.17460944696341316, 5.0], [0.0, 0.0, 0.0, 1.0]]}, {"file_path": "./r_100.png", "transform_matrix": [[0.9443854981700566, -0.05743451682719774, 0.32378589704142496, 9.270509831248424], [-0.3288404337153415, -0.16494420766079637, 0.9298695486534969, 28.531695488854606], [0.0, 0.9846292117523116, 0.17465770914569323, 5.0], [0.0, 0.0, 0.0, 1.0]]}, {"file_path": "./r_101.png", "transform_matrix": [[0.9486986605984713, -0.055238258177461246, 0.3113191067252163, 8.911247447311046], [-0.3161816746408091, -0.16574161550090755, 0.9341085940684214, 28.64593634239929], [0.0, 0.9846209685582922, 0.1747041736059289, 5.0], [0.0, 0.0, 0.0, 1.0]]}, {"file_path": "./r_102.png", "transform_matrix": [[0.9528433084887952, -0.053029756885449135, 0.29879336397048184, 8.550577874099284], [-0.3034627315966932, -0.1665082520454002, 0.9381819506538478, 28.755653670521276], [0.0, 0.9846130442389314, 0.17474882864999228, 5.0], [0.0, 0.0, 0.0, 1.0]]}, {"file_path": "./r_103.png", "transform_matrix": [[0.9568185106957228, -0.05080948544538838, 0.2862109952094678, 8.18855806551976], [-0.29068597762881365, -0.16724389868970965, 0.9420887117257307, 28.860830147582575], [0.0, 0.9846054410472456, 0.174791663016744, 5.0], [0.0, 0.0, 0.0, 1.0]]}, {"file_path": "./r_104.png", "transform_matrix": [[0.9606233727746964, -0.04857792105321202, 0.27357434321426116, 7.825245188696903], [-0.2778538027074066, -0.1679483451722273, 0.9458280063917245, 28.961449164998218], [0.0, 0.9845981611500492, 0.17483266588352905, 5.0], [0.0, 0.0, 0.0, 1.0]]}, {"file_path": "./r_105.png", "transform_matrix": [[0.9642570373549846, -0.046335545430871726, 0.2608857664592137, 7.460696614945642], [-0.264968613068393, -0.1686213896959454, 0.9493989999076364, 29.057494833858932], [0.0, 0.9845912066267054, 0.17487182687147823, 5.0], [0.0, 0.0, 0.0, 1.0]]}, {"file_path": "./r_106.png", "transform_matrix": [[0.967718684498573, -0.04408284464695602, 0.24814763847392063, 7.094969910711743], [-0.252032830544656, -0.16926283904567996, 0.9528008940202801, 29.148951987440217], [0.0, 0.984584579467924, 0.17490913605061176, 5.0], [0.0, 0.0, 0.0, 1.0]]}, {"file_path": "./r_107.png", "transform_matrix": [[0.9710075320445565, -0.041820308933745415, 0.23536234718711016, 6.728122828481435], [-0.23904889188770503, -0.1698725087007426, 0.9560329272964276, 29.235806183597315], [0.0, 0.984578281574605, 0.17494458394473886, 5.0], [0.0, 0.0, 0.0, 1.0]]}, {"file_path": "./r_108.png", "transform_matrix": [[0.9741228359387257, -0.03954843250083892, 0.2225322942618013, 6.360213297661642], [-0.2260192480801012, -0.1704502229429381, 0.9590943754375835, 29.318043707045803], [0.0, 0.9845723147567319, 0.17497816153614917, 5.0], [0.0, 0.0, 0.0, 1.0]]}, {"file_path": "./r_109.png", "transform_matrix": [[0.9770638905480606, -0.03726771334549134, 0.20965989442209912, 5.991299415432216], [-0.21294636363903344, -0.1709958149597681, 0.9619845515803034, 29.395651571527406], [0.0, 0.9845666807323123, 0.17500986027009152, 5.0], [0.0, 0.0, 0.0, 1.0]]}, {"file_path": "./r_110.png", "transform_matrix": [[0.9798300289598463, -0.03497865305980679, 0.19674757477201196, 5.621439437571736], [-0.19983271591145121, -0.17150912694272658, 0.9647028065817975, 29.46861752186066], [0.0, 0.9845613811263701, 0.1750396720590353, 5.0], [0.0, 0.0, 0.0, 1.0]]}, {"file_path": "./r_111.png", "transform_matrix": [[0.9824206232651495, -0.03268175663493722, 0.18379777410667958, 5.250691769258281], [-0.1866807943611642, -0.17199001018057766, 0.9672485292905695, 29.53693003587616], [0.0, 0.9845564174699891, 0.17506758928671085, 5.0], [0.0, 0.0, 0.0, 1.0]]}, {"file_path": "./r_112.png", "transform_matrix": [[0.9848350848263981, -0.03037753226243837, 0.1708129422164067, 4.879114955846512], [-0.1734930998483253, -0.17243832514751112, 0.9696211468018527, 29.60057832623604], [0.0, 0.9845517911994096, 0.1750936048119241, 5.0], [0.0, 0.0, 0.0, 1.0]]}, {"file_path": "./r_113.png", "transform_matrix": [[0.9870728645288257, -0.028066491132941865, 0.15779553918391662, 4.506767673622712], [-0.16027214390173505, -0.17285394158607684, 0.9718201246976205, 29.65955234213742], [0.0, 0.9845475036551774, 0.1751177119721428, 5.0], [0.0, 0.0, 0.0, 1.0]]}, {"file_path": "./r_114.png", "transform_matrix": [[0.9891334530155501, -0.02574914723230412, 0.14474803467523661, 4.133708720539146], [-0.14702044798440242, -0.1732367385848045, 0.9738449672709542, 29.713842770899536], [0.0, 0.9845435560813495, 0.17513990458684955, 5.0], [0.0, 0.0, 0.0, 1.0]]}, {"file_path": "./r_115.png", "transform_matrix": [[0.9910163809060799, -0.023426017135396406, 0.1316729072246362, 3.7599970069291277], [-0.13374054275280753, -0.17358660465042125, 0.9756952177345766, 29.763441039434337], [0.0, 0.9845399496247527, 0.17516017696065944, 5.0], [0.0, 0.0, 0.0, 1.0]]}, {"file_path": "./r_116.png", "transform_matrix": [[0.992721218998043, -0.021097619797705733, 0.11857264351405467, 3.385691546204448], [-0.12043496731032742, -0.1739034377745848, 0.97737045841336, 29.80833931560025], [0.0, 0.9845366853343012, 0.17517852388619853, 5.0], [0.0, 0.0, 0.0, 1.0]]}, {"file_path": "./r_117.png", "transform_matrix": [[0.9942475784519595, -0.01876447634491673, 0.10544973764744844, 3.0108514455364475], [-0.10710626845528065, -0.17418714549505634, 0.9788703109206395, 29.848530509439005], [0.0, 0.9845337641603691, 0.17519494064674032, 5.0], [0.0, 0.0, 0.0, 1.0]]}, {"file_path": "./r_118.png", "transform_matrix": [[0.9955951109588873, -0.016427109860649908, 0.09230669042050517, 2.6355358965222995], [-0.0937569999240635, -0.17443764495124375, 0.980194436318174, 29.884008274295176], [0.0, 0.9845311869542224, 0.17520942301859804, 5.0], [0.0, 0.0, 0.0, 1.0]]}, {"file_path": "./r_119.png", "transform_matrix": [[0.9967635088907875, -0.014086045172533292, 0.07914600858617261, 2.2598041658379824], [-0.0803897216298524, -0.17465486293405144, 0.9813425352596118, 29.91476700781842], [0.0, 0.9845289544675083, 0.1752219672732701, 5.0], [0.0, 0.0, 0.0, 1.0]]}, {"file_path": "./r_120.png", "transform_matrix": [[0.9977525054334717, -0.011741808636787069, 0.06597020411645631, 1.883715585879406], [-0.06700699889735277, -0.17483873592997926, 0.9823143481173311, 29.940801852848146], [0.0, 0.9845270673518043, 0.17523257017933608, 5.0], [0.0, 0.0, 0.0, 1.0]]}, {"file_path": "./r_121.png", "transform_matrix": [[0.9985618747020117, -0.009394927921502691, 0.05278179346094131, 1.507329545393088], [-0.05361140169407715, -0.17498921015942093, 0.9831096550925427, 29.962108698180526], [0.0, 0.9845255261582261, 0.17524122900410224, 5.0], [0.0, 0.0, 0.0, 1.0]]}, {"file_path": "./r_122.png", "transform_matrix": [[0.9991914318385003, -0.007045931788801197, 0.03958329680250627, 1.130705480098034], [-0.040205503858647795, -0.1751062416091172, 0.9837282763085554, 29.978684179217677], [0.0, 0.9845243313370966, 0.17524794151499457, 5.0], [0.0, 0.0, 0.0, 1.0]]}, {"file_path": "./r_123.png", "transform_matrix": [[0.999641033092078, -0.004695349876055077, 0.0263772373106894, 0.7539028633001259], [-0.026791882326611456, -0.17518979605872642, 0.98417007188712, 29.990525678498997], [0.0, 0.9845234832376745, 0.17525270598069725, 5.0], [0.0, 0.0, 0.0, 1.0]]}, {"file_path": "./r_124.png", "transform_matrix": [[0.9999105758811511, -0.0023437124763611068, 0.013166140393178089, 0.37698119650058326], [-0.013373116354265613, -0.17523984910148244, 0.9844349420077819, 29.997631326114483], [0.0, 0.9845229821079434, 0.17525552117203663, 5.0], [0.0, 0.0, 0.0, 1.0]]}, {"file_path": "./r_125.png", "transform_matrix": [[0.9999999988377408, 8.44968154786979e-06, -4.7467054106629765e-05, 1.83697019872103e-15], [4.821325900436651e-05, -0.17525638615891556, 0.9845228269501926, 30.0], [-0.0, 0.9845228280944632, 0.1752563863626089, 5.0], [0.0, 0.0, 0.0, 1.0]]}, {"file_path": "./r_126.png", "transform_matrix": [[0.9999092818339261, 0.002360605653763607, -0.013261057397859037, -0.3769811965005796], [0.013469524949377117, -0.17523940248961994, 0.9844337071193362, 29.997631326114483], [-0.0, 0.9845230212422807, 0.1752553013291512, 5.0], [0.0, 0.0, 0.0, 1.0]]}, {"file_path": "./r_127.png", "transform_matrix": [[0.9996384459903549, 0.0047122245018464135, -0.026472103018698265, -0.7539028633001222], [0.02688823716773518, -0.17518890319205685, 0.9841676030536546, 29.990525678498997], [-0.0, 0.9845235614949033, 0.1752522663516557, 5.0], [0.0, 0.0, 0.0, 1.0]]}, {"file_path": "./r_128.png", "transform_matrix": [[0.9991875536668137, 0.0070627755134626815, -0.03967807706246342, -1.1307054800980372], [0.04030176915878947, -0.17510490320139138, 0.9837245754160576, 29.978684179217677], [-0.0, 0.9845244486943318, 0.17524728221322636, 5.0], [0.0, 0.0, 0.0, 1.0]]}, {"file_path": "./r_129.png", "transform_matrix": [[0.9985567084348692, 0.009411728422825968, -0.05287645419101757, -1.5073295453930842], [0.05370754173968317, -0.17498742728036545, 0.9831047249678332, 29.962108698180526], [-0.0, 0.9845256825811575, 0.1752403501996792, 5.0], [0.0, 0.0, 0.0, 1.0]]}, {"file_path": "./r_130.png", "transform_matrix": [[0.9977460550326019, 0.011758553630753342, -0.06606471133209237, -1.8837155858793955], [0.06710297807757862, -0.17483651000421846, 0.9823081925254746, 29.940801852848146], [-0.0, 0.9845272627947169, 0.17523147209888548, 5.0], [0.0, 0.0, 0.0, 1.0]]}, {"file_path": "./r_131.png", "transform_matrix": [[0.9967557793014789, 0.0141027224241473, -0.0792403284276955, -2.2598041658379855], [0.080485504465721, -0.17465219573967242, 0.9813351589004694, 29.91476700781842], [-0.0, 0.9845291888733105, 0.1752206501998591, 5.0], [0.0, 0.0, 0.0, 1.0]]}, {"file_path": "./r_132.png", "transform_matrix": [[0.9955861081054188, 0.01644370719471565, -0.09240078918061152, -2.635535896522296], [0.0938525510974814, -0.1744345386180063, 0.980185844822102, 29.884008274295176], [-0.0, 0.9845314602544795, 0.17520788729158934, 5.0], [0.0, 0.0, 0.0, 1.0]]}, {"file_path": "./r_133.png", "transform_matrix": [[0.9942373092321297, 0.018780981656743516, -0.1055435817985325, -3.0108514455364435], [0.10720155283788785, -0.17418360250225048, 0.9788605108433395, 29.848530509439005], [-0.0, 0.9845340762753452, 0.17519318666161915, 5.0], [0.0, 0.0, 0.0, 1.0]]}, {"file_path": "./r_134.png", "transform_matrix": [[0.992709691276806, 0.021114021063730625, -0.11866619973534509, -3.385691546204451], [0.12052994999214292, -0.17389946094853892, 0.9773594572298869, 29.80833931560025], [-0.0, 0.9845370361730065, 0.17517655209437158, 5.0], [0.0, 0.0, 0.0, 1.0]]}, {"file_path": "./r_135.png", "transform_matrix": [[0.9910036035082945, 0.02344230242371134, -0.13176614242911674, -3.759997006929124], [0.133835189070644, -0.1735821971616644, 0.9756830238325118, 29.763441039434337], [-0.0, 0.9845403390849988, 0.